100
97
5323 4147 8776 1231 4943 9716 6369 6861 1087 3517 3204 7574 9428 4535 7877 8023 605 9775 5788 3085 8877 1339 3933 3825 4688 4490 8819 1749 3381 5783 9390 9607 7115 8008 7126 7825 7979 6726 470 3463 1632 6658 5557 2838 2082 4413 6788 5014 2143 5977 1969 7235 3316 9960 1661 3356 857 6614 4246 5210 3044 8869 5404 4085 9594 1769 7278 4273 5448 7706 3708 7874 1320 2977 4984 8542 9233 3872 4385 4765 6236 8951 6900 6205 4262 5641 4250 9644 1459 4296 9504 7593 9235 4921 1530 9211 1850
77
8203 4832 8712 4160 5294 5415 9257 5129 1891 6785 5429 7810 5427 3584 9862 362 6949 9549 6829 2506 1906 893 195 2868 7198 4933 2601 9003 7830 8571 473 8613 5901 1700 4363 1142 5237 6442 9874 8441 8655 8630 1368 8005 7077 5249 7464 9880 2001 7964 621 4808 141 9678 3860 6447 8373 5668 6519 1361 5171 9362 1926 544 4449 1568 6185 1075 1207 3399 5287 4199 1963 3687 9537 2165 7206
95
4510 8770 1239 9982 4827 7120 2368 4609 7128 4035 637 5887 4658 6349 5375 796 8007 6530 6619 6344 4548 5611 6006 9540 5577 3550 8850 3567 4439 5522 4609 6445 2818 3161 4444 5341 7552 8843 2012 2037 2162 4267 7671 2909 995 4851 8941 1172 149 7637 7126 3726 6834 6632 8362 3333 8241 8815 894 6973 4136 495 1129 4554 3117 2221 4589 2929 137 1430 4650 1015 568 1826 8230 7710 8809 9858 2154 8777 5866 5577 4647 1752 9950 1771 6750 4565 6435 6785 5491 1077 7164 4048 7140
52
9472 6321 8757 5717 4172 5674 5881 3874 8084 5345 5812 5080 6647 2749 5233 2522 543 4633 507 6202 4460 6006 5837 689 8942 8437 174 6698 8808 6337 2866 323 3785 8645 1455 7457 8915 448 3648 2017 1895 7571 4829 7892 6663 801 2457 3622 2924 3551 1009 4057
92
2411 768 3072 4776 9338 8466 8016 6338 931 2916 4304 2589 6836 3036 5323 6769 7683 4006 998 8384 9006 2050 8086 8407 3870 6937 4282 4447 5278 2720 8692 8222 2426 6996 8102 1779 2975 8643 2108 5172 762 108 5736 9638 9118 5507 5846 1758 2362 142 8569 4462 1491 975 2947 9775 9930 3021 6784 9766 401 1626 9647 5214 5590 3088 4454 8447 9756 6637 8550 9942 2609 7686 6078 8787 2324 2909 8100 1329 5817 2251 9962 4696 8937 9967 5090 9593 9780 1834 4311 1002
55
1060 735 5451 8196 1455 3409 4708 7416 7708 6995 5900 8905 2902 1628 9606 1420 4467 5370 2045 4729 5985 5465 5874 6501 1090 9961 4627 5756 1517 1807 6805 7311 2292 7098 6850 8240 1261 3262 9538 3268 7443 7303 8239 9066 2423 2318 9447 1775 1990 5015 9590 1033 6322 1672 338
64
3488 978 2778 7315 3055 6587 3164 1683 1260 9525 4238 5192 2017 1481 1031 9716 7741 9473 3792 8664 6734 4517 3551 2172 7144 1025 3817 1233 7861 614 6220 1378 7152 1288 8860 825 2886 1876 728 985 673 3340 5080 4090 8423 540 8112 6329 2780 9888 3351 2545 6690 1519 8214 7120 3346 5570 5016 2512 7595 2186 6225 1216
77
6047 7768 6666 6837 8719 9636 3948 9955 4937 6008 9523 6393 496 5728 9923 5892 319 9319 3985 2364 6829 2879 1953 717 2603 9748 1371 3959 3187 847 9490 7064 9976 3241 2512 8239 4482 6685 272 6304 4352 8766 6210 8464 6961 9010 947 301 4322 200 7188 1309 6375 1881 7340 3177 5292 8177 7350 7720 685 4332 9724 8182 7631 7787 3717 2521 6549 3609 5651 948 7082 7088 5551 781 2111
68
3526 7089 860 2199 834 5315 7125 3279 1160 8167 7765 6661 3772 6905 6414 5611 4624 7299 5901 9623 781 8752 1376 7115 2578 1163 544 7168 8810 5319 652 8416 9646 8031 5791 5476 6263 8413 3056 1488 8826 6395 596 3189 478 5901 4907 9246 1185 5443 984 2744 8643 9754 8701 4287 2093 7235 5457 2146 3445 151 3235 3512 6761 5135 832 6326
70
7068 1112 5203 6740 7204 2071 6322 10000 4195 5900 9189 5168 6865 5160 4911 6584 7379 5705 7520 3731 2837 3692 2633 5057 6128 3168 529 3769 6858 7745 8335 9331 9972 8743 1552 5773 3565 7251 9169 5320 5020 9763 2959 7615 356 8041 3012 8261 4388 1512 107 1261 5087 3528 8711 2388 6762 410 9938 877 496 1409 3077 7259 6102 5321 3927 5949 3604 3121
72
5498 4178 3907 7753 8599 5878 974 6522 6393 5303 4560 6674 2594 1932 9296 6510 8336 1362 437 4214 8465 2833 2164 513 359 5668 1864 9519 6381 9826 7375 1857 789 3918 3246 3267 3893 6421 7167 130 9527 3183 9139 9936 6836 9596 8355 7002 4975 6278 9879 8414 6600 6668 7008 796 4767 9669 9559 3095 6466 6691 6616 9643 3935 5332 8305 4896 165 9796 4042 5474
95
1103 2076 4868 5132 6242 3647 3903 4805 6110 7787 9318 9115 7810 5899 3285 9415 3523 5367 3956 4329 3532 8508 1968 7124 7329 8077 4460 3871 1249 6937 2480 7566 2866 3875 1263 6563 9716 3451 276 7045 3682 8664 4455 1482 995 7948 7966 1933 7628 8852 4092 4234 1764 2787 6631 7205 526 2452 3329 4528 5235 6867 264 7627 8500 7797 8503 9322 5350 7276 5466 3963 5864 309 340 403 3443 660 6812 6548 619 5545 335 2364 8568 6885 8885 1784 8209 3158 7085 7329 8873 4983 3765
78
9629 5263 2432 8719 7243 2677 1568 2740 1646 420 805 4376 6948 6725 5679 257 8021 1197 6213 6197 795 3933 6834 2710 1569 8675 4311 8791 6903 6838 867 3573 2586 6381 6414 3032 2714 8489 3306 664 6567 1811 8923 6838 8344 192 1689 9105 9142 6363 4102 8012 9952 4249 3371 5729 3956 7071 9454 1115 5339 9086 2999 9316 4970 7842 1636 7111 5125 9996 315 9086 7852 1601 6115 7091 5475 4119
90
5505 2230 6496 8944 995 5253 5785 2173 6039 8615 5759 8814 6947 3477 7412 2464 8333 4546 3561 8893 8581 318 4254 8795 3190 9447 7624 3268 3589 9252 3767 7378 249 1980 6123 3218 6013 3624 1052 4220 879 8434 617 5616 7872 9223 8240 7753 8745 6041 4015 3113 2940 5016 8539 9987 4545 5529 7955 2447 2183 8054 5519 3985 2344 6955 3167 5802 5298 2744 6066 129 9364 6024 9138 9383 6177 7488 8854 7006 4951 5645 6999 4199 9693 5747 2246 5756 6497 3627
60
8781 8296 8166 272 4561 1699 8423 5368 1500 3187 7332 4379 1156 169 4179 9783 8713 9348 7434 6643 7723 2480 9817 1565 1620 1404 1645 1660 7478 5116 6692 1695 2467 8512 5794 7097 4720 6660 8302 5889 6591 1970 6680 8223 2546 7727 8842 6599 9274 8642 7703 8324 7298 3290 3285 2219 1345 3373 740 9390
72
5696 7539 8824 1170 7578 5431 2581 8338 4863 1249 2296 6119 8677 2619 5146 9692 5252 2760 653 1403 6610 6028 9778 9351 6463 4397 5583 9145 9391 6214 4449 6318 5751 5150 8506 2332 7236 3369 7122 3177 8476 5328 6774 4283 1195 9497 2645 2438 6636 2853 6368 6210 9594 8504 900 7549 9583 8562 2619 1166 3013 3967 2778 9863 6914 3074 1966 2956 3408 7353 4511 235
66
4833 2324 4586 4745 329 2423 6974 9946 6724 9370 7842 4915 3010 4669 9872 8105 9889 7179 7666 2456 1391 8642 8209 9918 7857 8529 1522 6267 6215 1532 3776 9400 9648 2104 3803 6887 4482 7759 7616 8731 8448 5361 4431 847 4986 8249 1333 9070 9947 4737 6504 5769 1968 941 5019 5770 9124 5012 4239 6281 7289 7841 2972 7197 5940 4779
56
6178 3343 5555 6126 6671 8679 8461 7329 9240 5159 6891 8002 3278 5308 5707 9811 8391 6605 7417 4454 8072 6277 564 5923 5611 728 2268 5736 1450 1287 9031 1693 4092 2934 4369 6400 7714 4762 2475 2336 6242 4949 8753 4010 4177 2080 1120 9757 6568 151 1446 523 9771 8118 8100 6822
80
7621 7831 6371 4060 8423 6723 4193 7739 3887 9907 2752 8641 5640 504 2837 1498 9978 6195 8925 4658 1459 9776 4351 2893 4324 2419 4213 2319 9806 5694 7089 7387 7566 1737 5581 2175 4518 5866 7448 423 5011 2515 1736 2901 2877 9724 5162 2820 4063 4195 1787 4963 2212 2843 302 335 4034 9413 7261 346 8999 7389 8496 775 1798 3062 3224 5984 7939 3102 5899 8843 266 6330 5055 5965 8979 1980 9778 8050
96
4793 8642 2091 5112 2386 906 5767 4021 609 4605 5043 2532 9343 3193 7312 6407 3592 9169 3097 7852 7604 7946 1907 6118 6599 3368 7114 6381 4651 3158 1595 6326 3867 9909 374 2048 7498 7651 528 8706 2200 8722 8585 5313 1542 3243 2999 565 1092 6945 6459 7563 4041 7015 7621 9402 4092 2636 8947 5676 5463 4202 8299 8811 7013 7137 9146 2961 1875 8307 410 3078 4970 891 8039 4498 4865 4377 8166 7732 898 995 6044 4925 2287 9294 2560 7806 4977 8818 1120 1206 4209 2892 720 469
84
9718 4234 5462 8517 7505 6340 2989 1366 1990 3362 1870 5753 5839 8209 2126 7926 6694 9612 505 9161 8818 6807 7322 6957 7491 3986 759 2148 721 1893 2760 8037 4504 7505 837 4972 6422 5427 3366 4858 9057 8953 7679 3262 2368 4806 7894 3308 4316 3979 4693 6290 2241 5898 9349 5261 1038 2500 5745 1993 6817 6949 4824 173 4978 7507 1798 3689 4125 3834 3559 2404 9202 8579 4343 615 5203 7336 4289 4067 7004 4049 2422 4261
81
7198 7890 4274 8683 6295 8318 1950 1647 6320 3940 8874 3128 9837 9095 7740 5974 927 7979 887 2113 7062 7006 9762 9992 5745 6242 5253 558 6298 363 8230 5585 7229 1077 375 9000 6595 7285 2526 8622 3687 9834 4041 7639 4558 6583 1735 4809 554 9116 7348 4354 9548 1795 3955 479 2299 1322 3686 2610 8634 7008 9817 7984 1102 9894 9288 843 8269 2163 2060 2638 3565 1789 4501 3453 4714 4636 7429 4084 6885
84
1101 8483 6089 1041 1521 2955 6784 1278 463 934 2408 4963 372 7384 9531 7751 5133 960 9428 7196 5873 2734 6291 7973 8464 4803 1116 2654 6612 8889 7203 5456 7416 6500 6232 6466 5324 2274 758 9505 9747 5441 9095 7251 9235 9050 3233 3154 2934 9375 9813 6127 8912 4617 8889 6835 5919 4128 6182 7055 457 7644 3409 3325 723 7684 1727 5340 9341 5780 9458 8255 9911 9733 173 1827 7806 2681 9430 7943 4011 8419 9386 344
82
6255 5171 4049 6845 6135 1489 2361 8434 4667 6106 1243 920 6255 1983 6543 6132 331 5996 5378 7431 2150 1708 8175 9815 2600 1663 6070 7874 7596 5268 3715 8879 6585 3252 1989 5549 2765 4364 8197 7059 7929 8108 6148 3432 5914 8870 4766 6805 8043 7953 2720 6565 4206 2590 7799 1053 4400 2567 4168 4497 3791 7973 1887 8820 507 8696 7281 8232 6654 4044 170 1458 1633 5615 3447 5271 9301 8780 9989 5930 8585 1237
81
562 2475 710 1124 3961 7983 5878 6429 1250 4170 4512 9245 5454 5226 1105 8723 6510 7334 2839 183 2734 4017 4822 5930 3189 8007 2685 5638 917 6325 6843 6968 4775 9927 8307 6758 4993 3800 9158 7666 9460 6927 3874 1483 703 4153 8802 1371 1759 3158 4642 2321 497 6733 270 1518 4830 6731 7547 4675 6797 5149 356 7180 2453 6758 470 1393 4309 9823 844 233 4790 3365 1126 701 101 9273 5884 8508 1227
73
9552 2466 7532 1710 3195 9358 1558 2456 9187 6315 7032 8209 3616 1032 2671 527 1843 669 2797 3860 6468 8312 6622 418 4615 8844 778 1258 7449 647 855 743 9523 4915 6406 2704 5048 195 6411 9911 6262 7503 7126 5685 6599 9185 6810 5454 6986 1819 4993 530 4163 6915 8383 1770 8712 7495 1679 5776 5864 2709 9470 632 3156 7213 5437 2511 7287 594 474 7794 6689
65
6694 9916 9168 6145 4578 4509 7346 2722 3253 9864 4588 5039 5034 716 4406 6832 8511 6932 4925 9829 1993 5735 5935 9239 345 7324 859 3041 4301 3909 3631 2223 9534 3790 4958 7103 7304 4078 5714 7885 9239 8320 7545 5622 7559 615 2240 6941 934 3747 5037 5776 4342 2964 7254 7109 2179 5135 8146 8087 3264 1265 4338 655 6349
70
6847 2603 1091 2963 3678 2367 3676 5774 6647 570 5743 1544 121 4524 5393 7876 406 8161 455 6960 667 2172 5748 7158 724 2843 1212 175 4365 9522 7177 9219 9190 2670 6704 1889 2632 6164 1313 9309 1312 2730 1491 324 8353 1745 6447 5002 1791 2318 2257 8404 6340 6641 6460 3286 9975 5617 4020 1723 6630 3047 5847 997 998 1685 3216 5975 5602 3102
100
6845 6092 8727 9481 9269 7609 4737 1809 7582 7617 5679 2957 5639 6678 3680 8066 8457 5084 8135 8267 8939 147 3846 3537 301 5111 7684 8338 102 9640 1003 1231 5174 6529 5025 3119 9457 3686 9950 4517 799 984 9654 5841 5703 5911 5072 7874 6393 8116 4987 9167 2789 106 766 8770 2356 4963 2861 7867 1653 735 462 5081 9632 1114 5131 7315 3252 8404 4128 4959 2516 7806 6810 852 619 3656 2836 2498 6080 3171 252 161 5581 6889 932 6778 4897 6491 4461 4823 5080 9812 2735 1438 520 5425 3056 3988
76
4671 9042 7509 3816 6748 6167 2129 1974 9198 5754 6931 8148 3571 5571 4480 6897 7303 1335 6826 4461 3795 1223 7442 2968 7660 8182 8468 9009 4083 6165 9084 4835 5156 3174 3304 1390 4121 7655 5999 8833 9246 6821 3656 7032 5098 3290 3708 656 4553 3326 3790 9340 6934 5403 4088 3326 3096 2886 963 353 7728 6435 8493 781 1010 2360 9037 4587 4379 3779 5061 1744 633 3847 6135 4391
75
4881 9061 5438 3795 5011 5767 7073 6780 8051 4119 1350 6666 226 9110 5101 6299 901 7067 8183 2366 4616 6008 9082 5847 7102 2651 3201 7160 4070 7362 8948 4581 2427 186 3643 6653 6579 4162 4552 1732 704 8595 7409 3955 4827 9421 7355 4182 1237 3530 1725 3227 9673 6547 6097 3870 6249 6812 9028 3505 1312 253 9865 1291 3218 2420 6016 364 4318 947 8563 8601 6501 9517 8265
65
8658 2492 3138 9334 2505 3666 3075 4148 2558 209 6153 1882 4277 4843 5272 5096 3164 6246 2089 360 4109 4618 9934 1134 2789 1986 9351 428 8335 7248 3882 8479 3968 5578 6451 3126 9202 8070 2345 6337 3041 4271 2802 999 4365 1719 5741 2734 5071 8980 4475 7559 8988 6048 9642 373 9952 4679 5081 4037 5763 984 8193 4291 3476
78
8269 5174 8307 6543 7261 3306 2494 7049 6328 9059 3390 4820 1450 2992 4777 3954 2666 3308 6135 8921 9191 2712 750 5428 2662 8848 9414 7669 2989 4961 6967 7298 4831 935 641 8024 4074 706 4181 3070 7292 5955 4460 3486 3759 4959 7293 8399 5348 6830 5613 6091 7246 1553 7702 3206 8370 347 5952 3941 8649 7545 8936 6210 969 7457 4776 139 6042 9483 8613 8803 6806 4002 467 9192 6599 3581
91
1476 7485 6462 121 8604 426 492 2802 1362 9633 7924 8554 3767 7532 487 4190 974 8699 8989 5443 118 1521 6097 2087 2001 7874 8230 1160 164 3733 3813 2883 9638 8859 586 9142 2910 1369 4943 4624 3040 6984 9677 4827 1822 5230 8182 8194 8733 9537 4603 907 8562 6752 4268 6874 7780 9255 8915 9054 9528 2241 9550 4887 3904 6116 2380 1047 9716 2336 4991 8361 7787 9606 2891 4002 3750 3931 7224 9021 2761 697 4634 384 6174 6209 6576 4204 1042 4061 4534
94
3678 6462 5684 9643 3036 6026 1732 6150 1241 1824 5638 2662 9518 3520 3616 8199 6047 8531 8250 2519 5989 1833 6178 505 7405 4979 1113 9304 9549 2800 3827 4945 114 5534 5282 1884 4592 9641 8797 6609 2415 2794 3865 8499 8188 7995 104 1103 4923 3633 9877 9776 4143 8739 1667 6240 530 1698 1778 9901 4164 5202 1865 5950 3913 6449 2630 2734 7035 5480 9697 2771 3678 4446 6340 2489 5118 4223 9678 900 4363 487 8325 1277 9875 1006 5048 8144 3090 5915 9987 834 9845 6245
61
4585 2096 1147 4221 5482 6235 7406 1645 9402 9892 1560 7007 1443 6271 1707 1547 8603 4325 5428 6371 1404 581 6895 5474 2572 6373 110 3083 8897 6006 7373 7721 7163 5071 7688 1756 1342 8563 3674 4035 7070 4758 7920 7865 6974 9138 1201 3004 183 2543 9199 7694 1683 344 3002 614 8215 1975 959 3589 1347
50
5118 5239 6870 1864 938 7846 2317 6959 3778 6427 3206 2324 3953 9443 1370 1827 6422 5900 9475 7481 2477 3673 2678 6617 9942 503 6912 3685 5685 4970 9531 1526 9070 5165 5046 7403 1479 4134 3428 688 5946 9399 7713 7460 5353 3611 9086 2897 4621 360
89
7906 2943 4717 7759 1896 6202 3998 2295 2778 2514 9400 9147 8641 1959 2607 7370 6836 6655 2457 1006 6932 5113 3037 2896 7186 2672 1823 935 3711 8533 514 2333 2484 7929 777 8036 5141 3638 6509 8866 9313 9912 438 6979 6203 2594 4360 6959 1572 1056 1628 5636 5583 9448 8500 9089 7420 9646 5263 8819 105 5770 6336 8729 5950 4820 4127 9200 126 435 2418 7936 3711 1685 137 525 4484 8972 5818 5037 6169 6475 4473 1347 2680 7855 7077 9687 9751
93
9001 7300 9859 7489 4193 6841 7087 8639 1233 9071 4713 5199 1735 8411 6591 5780 7874 836 7398 8120 2725 6810 5917 7762 2391 1731 8606 7828 3415 5181 5841 2469 2997 4446 1157 1641 8620 9698 4814 9492 7337 9654 2075 3462 268 5895 5605 4957 6524 9963 1827 5219 8546 7192 332 7100 1545 4592 8514 7643 1049 8718 2028 8079 2299 9096 6089 1621 1877 3808 4274 1212 6321 7710 6524 2497 2520 5538 8209 8775 7284 3385 805 1967 8854 2731 2337 2271 1088 9674 425 6050 1279
94
9512 2382 620 1806 2081 1471 7875 6782 6740 6915 1951 1229 1466 6041 6848 7238 9508 2966 9748 3803 6758 9699 8031 5173 3823 6169 6956 7447 1121 3755 8953 5981 3468 8632 9554 2937 2360 6417 4409 9849 4970 4803 5234 8195 1927 7469 4858 5848 4797 1866 5641 3935 8029 4155 3205 6738 8090 4224 7585 277 102 9930 4145 8028 6523 7255 5687 4790 3514 6305 7376 5328 2620 2258 6773 6430 9090 6486 6648 934 8019 6341 1107 7857 5692 1401 2164 3100 2418 154 4143 7771 2819 3898
71
7128 285 3130 6967 7238 9697 1193 8515 9649 727 6737 3633 2973 7507 7547 9574 2210 5413 3092 2180 1868 7171 5394 2133 2795 9998 9009 5722 5171 8334 1082 6892 2310 3318 111 2946 1001 459 7008 6029 8658 3185 5336 8329 9769 3854 2283 1732 3150 4154 622 213 4092 4224 2568 7794 1995 8864 2817 7300 9450 9175 1090 4421 4591 303 2892 1513 1010 7530 1194
64
1466 8095 4703 9305 197 7654 4794 6768 4056 2860 1200 3591 810 3325 8580 9541 137 4503 5573 1880 3540 431 1856 1009 215 2654 3644 5983 1371 7917 748 2551 559 9536 224 8290 4260 4702 7535 1651 8103 9653 8470 2832 7241 5646 3345 5872 6701 7494 7786 5558 7179 854 6788 7280 6117 9394 8123 9132 9676 8299 4430 8605
59
457 4845 5759 6633 5532 625 7441 4903 3079 7390 1988 9360 3517 1560 9518 9218 1517 9300 7982 7440 6863 2109 1703 4547 8026 9801 1219 9009 5153 5807 4256 6695 4209 4868 7325 5920 3466 684 5889 1366 6793 7489 9790 4050 5179 8348 2899 7331 4096 5722 166 3003 4891 1128 7669 2744 7394 8550 8107
55
1440 7800 7714 4670 5702 1582 8713 3020 7291 9019 9996 9057 3588 6749 6258 7330 2916 5349 6324 3671 5647 4263 3622 9402 9422 379 4385 4684 8440 7608 7294 9297 2540 7551 974 6726 7693 4976 2835 7898 6508 7686 9840 7880 9033 7133 349 1467 6684 4636 8144 2543 4057 4982 7654
75
798 4252 3686 5175 5595 3556 5008 2414 2611 308 6007 7267 2899 7146 1531 4188 4918 3488 7257 5111 5377 8720 9608 3460 6096 808 3284 2456 6145 112 8794 5633 2363 3283 6253 9940 1041 7317 1676 5140 1200 4967 2237 9338 2157 3807 2594 8374 695 1772 9669 7117 445 6836 2088 2393 1268 6942 6835 9635 400 2465 6340 8159 241 8828 674 774 5480 702 8944 255 9343 4503 2915
83
1143 5953 8535 5858 782 9757 4674 3087 5686 5541 490 9638 2218 4178 9509 4731 335 9728 5176 9899 1003 6339 3426 5378 9471 1133 3158 6683 7931 4907 8882 3703 7865 1600 8210 1626 3506 7868 7157 1396 4825 4476 1970 1075 2190 3688 8013 7604 2306 8834 6357 9823 9375 1220 9353 6547 7049 6018 3075 5486 9634 7117 5661 3673 7743 2766 4871 3296 4351 1978 2111 653 452 4360 9436 798 9329 9236 8357 1013 6733 7810 8615
93
6255 469 797 4018 5861 5207 9293 5894 9629 7078 219 2185 5070 9506 8787 408 7440 4064 7166 2510 3189 3457 2828 6621 3424 7168 8234 7529 9986 7655 7006 6031 4011 9258 145 5287 2252 8464 6434 9519 5403 8227 8084 4314 7401 6868 7360 4670 3694 4333 1707 6510 7267 7409 3822 9405 588 1215 9749 9258 3459 7317 178 5153 9274 5201 9151 5518 2779 3767 7705 2719 846 6429 6234 2992 1325 3745 3721 8503 6796 238 9534 9017 4603 4152 7432 7304 458 9296 7754 1274 4251
69
4847 4086 101 351 1557 8895 3334 2814 4233 2742 6157 4480 9104 3075 6602 4170 5040 5690 9634 2287 9046 9592 5521 450 9358 1945 1436 1893 6900 838 8193 7060 6417 6885 4712 1033 7554 8005 313 7171 5819 5821 3897 3978 9081 2755 3112 2094 5463 4742 2588 7995 642 2570 603 996 4772 8466 7447 5103 7938 2632 2837 1059 7192 3848 9454 9436 3848
70
7598 8703 983 2018 9320 3114 575 8506 671 1446 9609 9460 915 901 9244 8302 768 4624 4865 1220 8332 791 7310 4943 4773 5968 3507 3916 6897 5151 3964 2446 6636 5606 449 6406 638 2813 2028 2278 2360 399 7172 9134 5271 3156 1398 536 4421 2746 787 7297 5077 7837 7808 2339 4040 1105 285 5453 8160 3370 6585 9842 2214 199 4330 7113 4667 5405
90
1959 3376 848 5452 2272 1676 5385 3483 8508 5309 8743 2991 1836 2273 5514 2237 8749 6928 2401 5563 3194 8121 1227 6208 682 5212 537 7217 7511 5999 223 670 6708 3823 1873 1724 291 8380 9603 9509 6826 6884 5617 2328 5924 884 4471 5489 6290 6526 9755 769 5450 7851 2829 9877 9707 2217 4870 3295 181 789 4160 9074 304 7728 4292 8606 7793 6033 3777 5786 8287 7771 2095 2973 1428 2120 2781 3921 1889 2442 7146 827 615 8523 4410 8354 5100 867
80
9944 6071 4985 4224 3405 5212 2885 7297 8812 8457 533 1678 7531 9437 8505 6582 607 545 5548 6822 8797 4700 5687 8462 7039 526 1520 2889 4136 9710 3748 6182 5452 2198 7717 7655 1330 6472 1035 4401 3594 4977 5182 4088 5910 2002 8171 4211 3355 6173 8605 8625 3151 2180 4553 4379 5375 9928 6531 9492 3119 6701 208 4415 3846 7869 4636 6769 2570 1186 7106 2413 4046 2507 199 2897 4148 8747 1328 1127
76
4322 2994 4797 436 2273 3701 8003 8048 1400 3812 1234 8311 1594 7297 5301 2290 1775 9642 5505 1827 3138 8944 1014 1919 6364 3108 2828 8428 5523 9338 1535 6739 4671 6210 761 6557 7849 4512 1805 290 8445 9825 9943 4305 5579 1871 2931 6106 4807 5945 3581 9307 8980 3932 7668 6142 6411 4583 8192 477 6695 5422 1774 3384 2289 5586 6596 4413 4653 6310 7453 8510 3445 9918 1799 1680
86
6646 4259 2555 8445 4379 4588 5092 6663 718 3209 2927 7852 1468 10000 7900 8870 9211 7281 4650 8580 5605 1946 3450 6685 1278 8944 8280 3721 2293 4348 6017 9815 5372 924 8627 8077 5228 3208 7659 9579 9615 6996 179 4192 5301 1909 6917 2726 6138 2602 2650 5192 7264 6706 6456 3417 7167 6709 1953 5965 5138 8042 3165 3617 3376 7335 2804 512 7166 6837 7831 7812 2869 793 8286 6266 8658 698 2957 4089 4119 4823 2421 7165 5834 1243
57
2135 1967 422 9349 9380 6212 190 8802 5568 8290 2933 5053 1494 4212 3632 8191 2047 1547 2821 1947 6466 9367 4793 9722 3898 7945 2692 8548 2325 1464 1757 2831 5422 7920 2964 3974 7170 9782 9119 281 5373 4409 3084 4287 7690 894 7704 6816 4415 6019 2004 5741 8547 3415 9690 166 1334
92
5862 4465 214 4951 1752 972 2146 3582 2867 4097 5478 927 994 2986 2443 4756 6134 7855 9187 4831 5203 7668 5637 2539 2935 485 6843 5251 5647 4524 6322 563 1873 5484 4603 1653 9258 5935 2106 8971 6443 383 5342 1828 8666 2984 6998 5998 4080 8859 2269 9646 9416 9461 5162 1635 1411 8522 661 9102 1921 1842 3649 192 4094 3422 6870 1313 1154 2712 6134 2457 7954 8553 4010 4388 9202 8479 2577 3837 4688 5114 7860 5541 7345 2492 4181 6024 2895 8361 4953 8326
50
4111 892 8100 1487 685 3001 4429 5765 8712 2370 8810 2051 6833 910 7334 2620 5434 9382 2325 6473 1093 3911 3016 2906 526 9152 8916 3579 3066 8144 4319 5252 930 2682 8993 3868 4022 9304 4234 2294 5390 1929 8749 7887 1008 1547 3755 2413 1994 6453
57
581 9311 5653 6793 6715 4693 2171 2004 2748 7676 1469 8996 6233 7492 5509 7022 6860 2563 3931 4293 6652 4092 4137 2145 8468 7534 261 7757 1645 6433 5127 4871 2914 8691 4026 6709 5606 9741 5861 3449 6909 3017 9410 4867 544 5868 5808 5874 2086 437 2294 5604 1393 4262 737 4828 8778
55
3339 5184 2660 3255 9198 4298 1864 8140 3749 6111 6505 3506 1308 9584 1452 9585 2599 994 1684 2425 8332 3891 1144 7399 8040 9715 6380 7275 8338 1990 209 828 5339 3571 2188 4137 3825 9858 3523 185 9024 463 1920 6534 8243 9072 1772 7997 5624 5643 3106 7013 1783 3471 8556
73
337 7977 7935 5907 9159 4123 5835 2952 8455 6042 8619 4855 2660 7593 4886 3318 4725 3998 8914 4572 1179 850 3188 4435 8345 8789 9843 8082 331 2563 5168 7004 3797 9269 4311 4054 8390 8538 8069 7277 3861 756 1787 3042 1965 8028 5289 1570 128 6495 1212 7600 274 1530 7146 5720 4669 9445 4850 6307 6515 306 9763 9358 4342 7417 3273 8640 5175 7347 9384 1240 2569
78
7222 9235 8833 7951 6074 2881 3734 8549 6163 1194 4304 2883 8908 1330 3526 4902 4821 9855 6603 9356 5104 7399 5119 9468 6179 4586 2719 5818 6235 2122 618 2808 5355 8219 5720 3562 4863 4408 1307 2747 6507 4772 8482 9189 6340 5847 8256 5402 4342 3794 2796 3735 6081 9703 1900 2937 5125 6274 5463 6440 4217 6384 5982 3650 1538 5978 9555 6914 6326 2390 1067 6656 942 7436 1243 9024 1732 2524
70
5102 4449 5571 6124 1252 7382 9045 9758 8508 6811 4714 8857 9995 3582 8802 1082 2262 8456 4823 6855 2040 2457 7284 1992 8122 3841 9950 6955 9206 8296 9214 4053 2614 3634 4223 1483 4771 2993 7116 3782 9769 732 9293 8962 5724 6278 3067 9174 7479 9826 7901 7177 1283 5469 3082 8009 4059 3943 9009 687 7837 5446 1989 7796 8964 6129 4350 1105 9020 7542
81
9573 5166 6677 4407 8835 1867 1712 7936 5440 3110 8195 9517 1387 2909 205 3758 3203 4883 1061 2206 3156 3802 3533 2375 4855 4310 6538 5474 520 513 3346 1066 6446 6443 5622 4248 5162 9761 4005 2719 1937 9705 5233 4409 4943 2822 4564 2120 734 1801 4851 5246 5066 4934 9593 8404 5680 4088 8754 2055 4078 8274 2123 1591 5612 1119 5541 815 7962 8335 8331 1113 479 2669 5041 4393 9340 4207 7703 1309 798
99
4996 4686 4926 2136 6203 578 3363 1005 3992 1182 8956 2232 5368 1450 6064 5490 252 6995 9973 5819 580 7470 3012 8203 3222 2218 7802 3808 8694 352 2203 7621 415 9563 9263 9622 4779 2055 4731 8224 9626 8054 9553 6768 7840 8206 8353 6800 5983 1480 6360 4306 5433 3670 2239 8525 6735 1575 2430 2654 2479 2403 7996 1578 4661 9390 1233 4748 7560 4739 6895 1373 5787 7312 8491 4808 4192 8752 5718 3309 3343 192 1026 9247 2684 8625 5858 4521 6687 8502 4481 3456 2420 6007 7035 5405 3022 7794 9612
97
1370 3524 5585 1360 5718 3227 8194 1514 6684 9614 3897 4306 2499 5039 7413 9426 8851 3055 4980 9099 370 4918 3975 8721 8932 8411 9172 3958 5415 8817 897 9239 2417 5801 5326 6026 8262 8300 3494 2597 6900 7756 8761 7313 9645 2599 2365 3105 2907 9776 9468 7724 6481 9765 6311 6622 6967 6760 870 4467 669 9555 2782 531 931 641 5105 547 115 9770 2627 3351 5759 5617 4128 611 6709 5078 7056 9001 3410 9376 9770 6528 9397 6147 1083 945 4414 5409 8783 9930 8610 4544 3187 6105 3969
51
1650 237 1930 242 7019 9825 7093 321 4324 960 6215 5633 9690 6185 7899 5267 6240 939 6250 3523 9469 1048 8414 2535 3432 7800 2990 1154 6832 4266 570 8808 354 7373 9615 2869 4928 3341 9135 648 5376 9205 8505 3557 3663 9762 1157 2332 5236 7807 4117
96
2428 793 1946 3686 4386 4325 8509 6181 4892 4821 4019 4669 246 2492 8907 7436 1756 1727 1083 7142 8430 6838 7528 1070 8908 4974 5996 4565 3068 7536 3632 3021 3902 3094 1657 2650 1612 759 7058 7865 2957 2453 8067 361 7763 1898 8177 8999 8187 7127 1394 5951 8238 7144 4873 3976 9476 299 4952 8373 3586 1955 2891 3731 7107 4908 2311 9254 3502 4592 1374 5835 7251 181 895 749 2349 6512 6760 3237 6921 7606 3389 6680 5011 9499 7643 1453 9722 6309 6828 5117 6690 6320 3065 9181
78
7797 6677 8915 2991 9583 2547 3714 6439 861 7070 6466 1757 3387 4888 3823 7965 7274 6669 1109 1725 6757 4124 4714 3598 460 9986 7381 8005 6837 2525 1543 8575 2756 1587 1978 5725 4505 4998 4764 8902 9163 8335 6328 5660 3631 4330 1003 9229 9941 7964 5292 5093 4161 5974 4989 4965 7101 4849 3130 3812 4235 8674 7241 6488 4182 8858 5145 1369 6372 2060 8758 7431 7481 1034 7674 1468 4312 7131
71
9800 9417 9679 7096 9968 9133 8297 1558 4746 5777 5124 7800 9147 1387 7637 2742 4368 8511 7085 8989 132 5701 6816 1327 8873 4310 881 5165 6316 5647 3615 1466 8178 609 8841 586 9651 2189 9905 2961 9103 7217 1368 1603 4773 9518 2389 5575 8424 6663 7493 1889 9256 5278 6654 3446 3944 4096 1202 7211 426 1427 3490 3371 1164 7135 7681 2140 573 2213 8420
92
3645 5626 2455 2012 3891 9724 4609 6668 3173 7515 6804 789 349 1701 1312 4011 9497 6286 2519 7470 3439 7877 8789 2370 4040 4514 5081 4839 3201 4680 9845 200 974 1636 4486 3847 7730 4259 8837 9042 7816 4158 2991 1759 6701 9110 1940 1039 7131 2655 3180 3542 2817 8153 7400 9471 9816 987 8004 259 9911 8188 7132 3389 3166 4345 944 8544 3303 6735 5138 6582 2889 6965 1170 6998 420 3034 8261 5092 6372 6321 1548 4272 6520 5329 4091 260 7289 4477 4872 5259
97
7286 2536 604 6482 1594 8354 7487 6571 6702 8979 4089 4963 492 1206 8810 7590 4342 1409 5209 5312 9506 7429 8261 1616 2185 566 9781 3963 4428 5689 2686 6472 4473 8508 6570 9321 795 3185 222 9247 1961 6601 5980 9408 2545 1338 9136 2956 5171 8179 8971 6726 3789 8727 4883 3550 9807 4328 8786 716 6091 455 9204 4385 4428 3484 8160 1479 1767 9789 9095 3661 5222 7058 415 7477 7937 5420 921 5379 8798 5274 2454 2365 8751 7176 2072 1597 6081 2345 4103 685 3553 7696 4808 292 3486
64
6011 280 6518 8794 7230 3410 8785 4067 8924 3205 8582 6629 9063 8003 8597 2577 9433 5759 1484 3928 7974 3199 1105 2923 6277 1526 2363 7809 4732 6856 1378 4910 7897 920 2792 1685 1788 9586 2528 3139 6851 9685 8211 2580 6250 6837 5915 7706 4407 1576 2896 5322 1063 9907 6276 7757 6355 3425 4963 599 9629 1690 953 6262
64
1480 8295 3246 2234 3784 5849 4038 2794 6323 9072 2071 5865 3599 5918 6239 8295 9696 7399 4080 1995 8125 807 3111 3017 6630 4658 9261 4158 3767 2697 5509 9680 4862 6980 5710 6151 8559 3156 9520 7599 6680 5931 4565 828 2766 2024 6746 5979 7842 7254 7010 9651 1190 297 3727 3808 1490 8136 3263 5856 6125 2383 5138 6328
67
3759 1688 5969 9202 8352 8243 3305 5309 2365 9108 2822 3761 7266 5877 5672 8603 8905 586 1735 2647 9363 9293 4577 1993 1879 3174 8210 3562 3017 5204 6099 3417 8518 7530 5837 5296 4924 1444 8685 4180 175 439 5085 4328 3461 4675 1596 2637 117 3694 6686 3353 8812 3117 1505 7955 4802 7055 6663 8046 5906 2153 5082 727 9930 295 5441
96
467 736 242 9528 6860 6118 3124 3237 5515 3229 4973 6614 9504 8947 1683 8572 9040 7718 1027 4251 5735 7735 4487 8681 4105 9839 8080 1362 2418 8544 3074 335 2953 7221 6130 6789 2236 4008 2597 1966 6607 9022 4295 1105 7006 6800 2498 3420 4385 4238 515 8658 9946 7383 8113 1114 6815 8393 3686 310 5347 1202 6071 1797 2405 7708 2006 9690 945 4781 8516 4794 7697 7467 3414 7792 556 3378 4688 7510 4401 4153 626 6495 1708 8012 2184 9455 8921 9753 7213 5973 1064 5090 3858 1967
57
7078 1952 7600 6383 1352 3761 921 4669 2536 4305 9231 3022 490 3450 4461 4130 6572 1069 2809 3039 3110 6239 5591 2738 1040 3634 3170 1594 1480 9612 3908 2608 7174 3145 2517 820 2444 5772 8615 9018 5911 5089 8402 6053 2283 3355 477 3087 2223 9111 8833 9278 7917 4379 2186 3900 2909
75
8983 6247 6356 2590 6611 7084 7945 3331 460 9516 6581 2912 1373 1268 2342 766 3852 3937 9502 3667 1509 4924 9718 7585 6870 929 6969 6023 390 517 7195 3973 623 7369 6100 6707 3404 8284 638 7631 6114 2080 9374 9102 7172 5774 537 6702 6457 1485 664 6783 6939 311 9890 1171 8468 3492 5798 6967 6677 1680 3851 5878 2158 8182 2006 1367 8047 5889 3894 7059 8913 2533 3515
83
7342 8823 9528 7405 1257 3563 372 2617 8715 9792 330 7925 7068 9019 3515 7785 8287 2526 4752 2594 9357 3483 6576 8736 7129 4734 6681 2471 6429 238 5586 8568 4831 6047 8419 2361 7876 7421 4903 966 1901 9841 5984 4123 6134 2330 2384 2253 1060 9600 7630 8818 7485 226 2643 1331 7439 1785 5281 8661 7359 8996 2137 4542 5172 1304 3239 3774 2474 419 4542 4230 3929 1263 8629 3776 2409 4493 8830 6569 7169 7826 1641
80
2397 5912 4297 7355 4659 2592 5448 8479 4795 3902 9905 3220 6613 3452 2189 3143 2036 546 6158 8853 5697 8318 7929 9433 7828 8263 7726 1538 9844 1974 4077 6985 7636 9008 9595 1599 6359 955 6239 9698 6820 8212 3980 9359 8289 7357 8039 7702 6970 8853 5564 9438 125 748 2646 9511 7016 6046 8072 1919 5407 4278 415 6895 9591 511 9126 1556 2727 8665 420 5028 5401 4126 5781 3180 9285 9365 6218 9792
93
2033 5629 3149 1230 4101 5063 5825 4604 3131 9655 3477 8401 6571 2175 8360 8335 1642 5262 5331 6993 3231 1248 4390 3149 4790 5781 3424 4786 5908 423 3247 7138 2483 7689 5968 1912 479 627 3338 7266 167 9273 2606 3479 4933 8856 8705 7780 2981 8300 1463 3087 9088 1023 8954 8121 8346 9820 5507 998 1584 4386 2710 622 7111 521 9456 5427 8801 4119 1606 8676 7566 3386 2409 7118 4263 5024 3326 5288 3746 839 4626 1339 7982 4744 7752 4263 3479 2365 9725 6621 6717
53
2160 2536 2675 3682 9915 863 5734 992 2956 847 6394 1326 3045 9037 8071 2118 3615 5256 3946 3512 4045 7025 6132 9594 6303 7357 2239 9834 9857 6875 644 7705 8402 9297 1305 6565 6764 3973 4218 9807 3010 9835 3855 4458 4201 3100 4529 6650 9216 363 8384 5673 313
54
3414 2350 6766 5686 8302 1241 9350 8892 4760 7669 8423 6357 4660 5738 3018 5259 9813 1982 9827 9115 5653 5992 8443 3405 1187 3941 2407 6367 679 6782 8146 9497 3402 9517 3100 8881 416 6365 8519 2731 4911 9225 7473 1237 6407 6443 3732 2478 8344 6126 1227 5893 5352 9252
64
6330 2049 7437 8177 5931 8172 1954 6503 6174 8542 1776 5722 6576 3372 8438 8896 6410 9400 7856 9053 7926 6973 3579 8974 3951 9152 6480 1850 3729 2795 1114 4588 8257 7869 4939 1234 9952 9266 9303 1610 9748 7952 1491 8336 5846 7056 1345 6932 1047 4581 7585 6038 5650 5687 7142 3562 6894 7320 1934 491 5472 9880 288 8762
86
2490 1193 3105 9045 2716 5728 962 6511 6041 3724 9325 5300 7095 351 6082 4793 1623 4658 9862 5538 8925 2518 2865 9012 2902 8014 9707 3979 2612 2528 2347 7559 6074 9862 752 1830 8264 3722 6630 3261 9572 7072 1746 8733 8135 8062 9341 3199 6041 8438 3143 1708 2687 4109 8899 6773 419 3099 6957 7049 8397 8141 1474 6755 8698 8956 5752 8172 6569 2375 3307 9893 3166 2959 698 9915 5009 1346 6518 3012 2811 939 9714 6889 5185 2542
92
7245 5091 7616 2004 5890 1505 4330 1728 6046 1112 8807 8803 2556 4966 2762 6477 3077 9696 4138 6331 7368 2141 8231 6493 511 2242 4756 2466 3280 1093 2130 8669 8087 9070 1550 8030 9346 719 4375 1713 5460 5850 9077 8162 4221 7540 387 4668 6513 6807 3065 3948 822 7301 9085 3377 4512 7946 2610 2998 1760 7181 7666 2409 9310 5337 6315 3980 2178 3383 7818 8586 2780 7142 4401 4957 1620 7586 8445 5538 4857 8426 3904 6765 3476 7861 334 4456 358 3244 7194 104
68
804 7350 6239 7266 7204 8214 3736 8492 844 2086 2537 832 4201 8304 7207 8672 295 6500 5046 153 3211 818 1343 5168 4580 607 3097 9386 2612 8872 2137 4108 1288 4727 3169 8239 8501 6628 5939 9439 4528 2952 7070 6769 2996 2243 2940 8886 1422 8684 4170 8831 689 8450 5559 8984 8561 4418 7969 1829 3296 1980 2703 4954 6642 7616 7875 8220
57
6442 4613 7729 3367 4607 9121 9434 7479 5973 7982 7134 5296 1423 2163 7225 7231 8555 7113 8853 8391 1316 1602 8356 6632 4238 545 9918 7265 7303 1582 8696 2841 3038 1497 9248 9968 9761 9497 6980 7299 3494 4583 864 9081 8360 6664 3194 7316 9217 9118 1441 9226 8999 6959 6635 5814 8633
58
3215 4329 8659 6311 6203 5001 867 8282 2469 2582 2134 6682 1997 1029 6328 5566 4265 8043 5125 1284 1473 8465 9897 1180 2977 5154 6585 1012 1935 9449 1143 6784 2368 6492 8940 9600 8931 211 7856 5295 8137 2205 5738 7037 6885 3097 6696 5301 1720 5468 8461 7985 6022 4994 7841 3822 6049 9027
73
9123 5805 1019 2342 6972 1510 2479 7676 6333 6518 6691 2664 4610 4283 6357 1732 7004 6186 1809 4168 4431 903 5005 2141 5477 4028 4354 3135 5934 1353 1016 6079 3261 9736 2758 8208 9375 2459 104 7245 9799 6645 1568 2705 7965 2264 5789 866 8535 548 6223 4654 1228 1967 7364 4749 3549 1254 4035 9962 3288 4338 8088 5227 871 2262 9476 6970 6961 2449 6600 714 7364
80
9734 1771 6761 8291 7250 7881 6541 5306 6558 7788 8210 5387 7786 1948 5265 2213 4761 6768 8453 1914 1365 9612 7294 1027 7905 790 2458 317 2507 585 1070 5550 4681 1189 8246 1231 4041 3262 7846 5750 7355 1327 2160 8556 3170 3365 5484 566 8748 1984 6355 6630 2809 746 6307 7055 9402 8530 8244 3984 5317 3900 4683 7219 9324 4861 9087 1830 3641 1936 3074 9022 230 905 9424 8116 6176 1745 3541 2805
79
618 7537 5785 5790 8265 5629 7770 1134 1834 6246 260 1089 890 1759 1166 8023 6789 2630 9154 1304 1761 6574 9885 3684 7253 2480 7886 8241 4101 493 9824 1276 7598 7490 998 3723 683 7897 5396 1618 3843 1575 7147 4915 1304 9077 826 8947 2086 600 2464 6697 3647 1447 6083 9149 4233 3229 6728 1178 7365 361 3277 5188 2834 7081 5032 2653 8464 6534 8403 2474 5756 6866 487 9145 9138 2877 5580
56
6408 5259 3552 8487 8576 1841 7545 1252 568 1552 7976 2405 9571 6950 7487 9359 4026 3015 3128 667 4951 5081 4862 9205 1254 2482 5747 7515 156 5176 8676 7491 2735 7148 8899 9504 9189 1939 6563 9919 1044 1744 625 6016 1077 2179 465 5175 9639 8067 4095 8650 4048 2210 6208 3725
80
264 1179 7623 1611 4001 758 6327 2803 9409 4445 8765 5012 4193 296 841 2231 4709 7023 3853 3335 2063 1768 3446 9536 678 1493 8827 2953 936 7650 4495 4711 178 8975 8397 9386 409 9729 8970 7116 7896 5239 6153 9531 9034 808 3192 4427 920 663 5697 4845 3832 700 4262 8667 1290 8992 6052 4421 5713 7684 8576 968 4739 8130 4308 6362 745 8853 9644 4452 8555 5923 683 1465 9263 3691 3888 6817
73
9965 1547 3798 8877 5154 9863 2996 7865 9319 1841 4717 6582 6285 9253 5913 526 7407 9454 1531 454 4110 8130 3065 6840 2975 4936 9301 1163 9853 6305 6333 7912 657 5219 815 1786 3518 3777 6266 2228 3819 2184 6397 1097 2222 2095 7492 4606 9633 2485 2356 3519 8365 7385 970 7623 1687 8187 8322 7760 1909 2602 6781 9459 7013 5021 2216 8557 8590 4688 1316 3801 550
72
9386 379 8795 3267 4454 4145 1182 3013 4790 9284 7851 350 942 1955 2744 2951 2422 1728 5564 5914 295 7558 9108 7909 1123 6095 5898 8462 5420 5280 7597 2631 5699 8878 7213 3884 6030 4960 5653 1267 9303 6429 8221 8678 5718 1509 7227 6916 7779 5956 585 2708 752 8828 4663 4931 1061 7223 776 7956 715 1451 847 7586 645 9997 1547 9574 2847 2272 5298 5983
98
9636 142 2170 4692 7591 2566 9087 6695 815 1226 1150 7820 9892 3711 8114 3748 5630 9782 5628 5581 5255 5109 5940 8122 7726 8577 6819 6019 6823 3216 9349 3620 5102 5628 5222 7356 7078 3490 1150 4876 6648 5212 8259 4637 4618 6114 7882 6244 7012 9804 4116 9179 2751 3058 9445 5058 538 685 5974 7090 5351 2554 3704 8776 6252 2516 4310 1830 3777 9322 4409 9173 8027 477 6474 9589 6310 5886 8521 4797 8431 3904 5680 3954 8583 4634 613 7071 3970 8895 7867 8670 9197 6859 5171 6462 1882 2915
96
1237 9192 8776 967 9797 6135 7467 4148 8796 8857 5463 181 496 2206 6114 705 4264 3885 9560 3137 7165 4834 8015 7193 4591 6574 4394 8946 4094 2349 1067 7576 5565 3501 928 6502 695 5213 7562 3387 3056 7876 574 3712 6754 9750 7293 1126 9511 9827 2208 973 3563 2969 1772 5821 5232 8206 7444 3826 2829 2503 8820 6832 630 358 6117 8914 5897 3859 6186 7899 4369 3079 1782 7752 8239 9749 7808 8857 5459 7869 7054 1184 8057 3883 9411 981 1786 9312 7014 1530 7395 1281 7399 3915
71
8781 1688 8116 7230 6268 7900 3860 1089 2111 9360 9849 1229 5904 2045 2496 2409 7487 7293 832 3967 5169 1122 667 121 2644 6718 7625 7395 8222 4978 2230 3730 6876 8986 6305 5020 9681 6555 3498 5752 696 6568 2871 5775 6087 9426 176 9777 5228 4941 6906 2726 4266 4482 266 2203 1719 3492 9764 4251 8010 1740 6099 3917 3699 5046 7590 2663 8123 9310 7999
80
2072 7882 8221 7985 858 483 2333 880 8777 6550 5691 5699 2080 6068 4762 9777 5269 3725 3540 6513 9953 8805 924 5544 5441 4299 8096 6169 1637 7261 2697 8897 6952 6091 7064 868 2527 999 2477 4059 3459 1214 2193 4775 8126 9478 3033 695 4622 2111 4705 845 1163 928 159 563 1129 3648 8855 4044 8765 9526 1763 9230 6361 5962 8161 151 2271 3453 1760 7612 5208 7812 1777 8568 4631 9232 5007 2188
80
992 4707 6494 8385 9126 4616 6936 328 5925 7983 6639 174 4396 8324 3923 1215 2442 428 8670 4339 933 9379 3995 6390 6292 3238 8572 1501 5721 6692 278 513 2022 9266 437 1101 2358 7354 7485 5869 8176 8355 1144 9079 7368 1363 216 1051 4036 6535 9601 4187 7461 4518 5419 7772 7808 5067 1048 3351 2191 2308 3124 8116 1835 2081 6353 6326 8350 2647 7793 2088 7355 6861 9500 9701 1900 1781 911 5143
88
2159 460 4814 1494 2221 1395 4107 1662 1808 8481 8641 4740 8067 2186 2979 1720 8060 3896 6672 6350 7745 1817 8836 5569 3812 7857 5470 8633 1356 9233 5673 8194 1904 1834 2637 6367 9452 4822 1096 7599 6143 2317 3024 9208 157 4245 7574 6647 443 5868 2707 9224 6863 6274 1380 2474 1232 6201 4477 1247 4968 5213 2703 6720 7103 3063 224 6938 5392 9503 5804 485 3719 5011 2213 6846 6093 7161 2955 9488 9001 8002 2822 6921 5193 5032 4699 6799
