100
7
7 70 61 89 51 89 63
3
82 92 31
6
88 80 8 96 30 20
9
58 17 59 93 52 90 85 54 81
6
41 43 17 59 29 60
6
99 66 53 93 57 99
10
95 63 77 78 29 79 38 72 39 91
5
20 6 2 2 46
6
33 6 32 27 67 67
3
93 40 5
3
38 40 73
2
55 76
10
79 7 54 69 4 5 65 8 53 20
10
33 15 69 43 60 73 69 48 62 57
5
22 46 63 20 21
7
41 37 11 81 9 65 49
6
91 92 68 75 92 78
3
96 11 60
8
81 61 69 73 92 35 15 100
7
61 5 46 77 45 21 96
2
45 20
9
17 21 80 67 21 32 48 40 60
6
56 56 82 50 43 44
9
80 45 33 91 61 77 51 7 27
4
80 79 36 18
5
80 92 12 27 13
3
15 2 26
10
11 34 100 60 27 92 21 6 9 90
9
2 27 20 38 92 11 90 58 96
3
43 63 31
5
9 99 54 2 31
8
7 51 75 49 75 40 55 12
5
95 40 61 23 89
5
99 93 80 56 58
2
7 3
10
72 44 16 55 95 36 50 58 71 81
6
45 90 11 98 91 73
7
22 36 78 22 97 80 23
2
48 51
8
84 88 13 44 74 11 28 2
7
50 26 21 31 35 24 48
7
52 50 97 28 40 31 81
5
7 100 22 8 50
4
6 79 24 57
5
30 55 37 91 79
3
100 64 75
5
26 57 76 44 78
6
92 4 17 92 77 43
8
13 65 33 95 16 62 71 3
6
85 48 7 6 7 70
3
78 65 6
8
96 59 49 38 73 86 83 4
5
44 52 98 99 51
3
73 85 38
3
44 76 60
4
95 58 56 69
4
48 55 49 13
2
17 47
6
93 90 22 36 2 12
2
45 22
6
34 29 95 28 11 48
6
93 57 58 94 91 38
4
84 37 23 52
8
61 10 98 23 59 66 78 40
5
68 3 66 5 77
6
8 48 65 15 19 5
5
92 98 78 98 68
4
69 40 38 64
10
29 42 17 88 52 96 23 50 56 10
7
3 22 2 68 14 79 92
3
82 54 7
4
31 73 15 43
2
29 13
4
73 98 55 13
5
95 98 49 65 83
5
99 38 61 65 53
10
8 68 85 54 32 77 43 2 84 91
6
4 86 84 35 84 47
10
16 23 73 58 47 35 86 90 19 62
10
47 21 41 33 84 69 14 51 9 4
3
88 43 46
2
18 66
3
68 96 89
8
13 28 37 38 50 69 14 44
2
83 25
6
44 14 61 22 8 45
10
4 16 9 12 48 11 55 22 45 34
9
38 62 8 49 55 84 14 30 34
2
52 9
4
61 49 40 79
3
95 55 8
2
6 46
2
5 97
4
6 42 51 56
10
79 17 20 12 28 94 97 60 2 7
3
89 40 32
3
75 73 73
8
9 88 62 79 6 83 54 38
5
15 12 33 39 96
8
63 67 19 22 32 20 79 27