10
68
63 511 506 636 805 144 56 482 231 815 180 977 372 290 448 647 77 675 408 507 135 868 88 12 781 344 778 692 435 526 761 524 289 893 23 960 413 805 274 887 427 370 132 199 888 870 992 222 406 610 220 257 231 689 415 465 632 997 214 791 108 169 727 601 809 315 909 660
86
353 396 309 77 227 508 81 578 706 371 420 436 920 291 507 948 927 781 808 337 442 432 947 840 186 587 661 515 232 71 288 56 313 473 271 557 846 378 399 567 394 767 237 807 459 243 677 464 340 709 630 865 17 856 892 300 568 121 592 352 943 502 313 521 413 595 654 312 218 814 4 798 700 51 414 568 189 900 758 374 742 217 462 825 428 235
89
27 508 825 247 671 449 804 463 396 750 59 393 729 592 284 202 862 678 193 662 787 982 449 683 295 379 598 279 779 291 764 327 404 600 375 357 431 603 985 144 29 102 945 796 774 523 234 338 497 978 572 752 513 30 623 713 816 730 77 770 202 419 731 541 77 709 640 837 920 86 900 915 133 463 785 656 838 339 888 718 51 787 956 126 915 726 938 360 61
35
579 254 388 73 658 211 291 484 949 315 346 188 84 472 406 110 18 773 373 912 243 676 670 545 891 809 487 734 919 436 697 833 657 23 359
3
94 67 957
26
316 180 725 573 698 82 454 483 514 515 192 917 569 320 123 149 741 840 642 606 606 749 522 190 423 129
6
494 402 809 510 384 180
26
92 916 426 21 364 679 813 58 565 720 522 300 10 917 69 718 31 900 154 749 845 455 995 615 385 374
24
219 396 296 511 272 70 768 51 44 616 161 590 694 43 251 718 893 396 297 209 885 943 330 23
92
251 182 369 194 392 907 374 130 529 830 906 870 784 521 587 805 89 664 367 171 980 136 199 168 72 941 421 858 467 525 193 369 962 737 68 100 143 615 743 94 631 80 574 766 888 932 492 990 839 583 107 114 88 898 106 915 984 7 117 794 783 702 547 406 486 437 724 959 589 302 420 728 390 508 834 758 860 283 823 490 361 26 374 274 672 3 202 958 967 723 767 203
