100
5
924 727 818 893 651
10
580 294 95 369 528 92 336 371 642 563
8
21 415 746 326 716 63 721 742
7
44 791 113 449 521 923 965
5
79 810 585 232 643
8
296 52 252 524 962 763 812 894
10
88 187 828 540 344 292 23 514 962 354
6
473 872 959 968 409 778
6
125 866 900 75 406 579
10
12 539 308 607 377 60 237 559 379 669
7
483 788 912 302 451 339 492
9
369 244 344 533 355 231 519 929 327
4
670 597 894 761
2
256 894
9
692 212 302 362 293 692 841 962 586
6
843 677 188 314 8 56
10
6 476 286 513 131 18 150 785 316 397
4
864 751 479 57
10
432 972 185 235 471 789 280 260 208 585
8
61 942 566 988 280 665 849 195
9
956 697 685 63 39 308 688 750 175
3
744 595 65
2
346 23
2
296 599
2
591 388
6
341 950 637 939 763 243
5
112 947 29 760 286
10
206 838 727 662 218 807 857 854 596 164
3
575 118 826
9
733 679 124 175 220 233 444 749 529
9
36 754 131 21 60 572 701 309 625
5
669 492 386 797 42
2
311 486
8
952 282 803 727 153 311 777 745
7
589 882 609 443 527 375 929
5
885 232 250 342 404
2
716 795
6
317 145 777 195 965 285
6
268 460 919 457 704 459
6
84 213 550 985 579 300
10
206 837 325 915 516 719 108 735 471 96
7
26 308 890 52 435 8 56
5
824 793 145 7 409
8
506 489 106 827 786 80 935 450
4
709 529 175 774
5
634 69 147 166 536
6
854 733 504 661 30 783
9
454 906 413 649 679 948 410 714 441
8
471 557 382 443 19 394 818 598
4
350 673 634 202
10
180 477 310 760 56 577 823 469 469 387
9
84 945 666 262 17 769 523 767 342
4
790 891 982 322
6
167 222 573 736 905 420
8
787 327 378 755 443 382 25 190
8
265 88 923 272 296 238 973 196
9
173 164 542 835 878 947 829 448 370
4
502 172 200 901
6
395 500 707 284 653 377
2
736 700
8
101 564 919 720 895 860 717 400
9
529 583 486 537 16 320 301 892 969
6
814 670 396 223 729 81
7
832 251 192 157 356 499 492
8
555 369 348 592 126 106 264 594
7
331 682 508 931 522 58 55
7
667 28 145 305 629 289 998
8
819 127 807 400 498 776 385 485
9
256 47 250 500 547 676 937 318 915
5
556 161 330 456 942
6
281 215 243 915 880 90
4
712 401 86 908
3
340 32 987
2
944 256
3
594 150 868
10
358 909 176 126 540 600 536 180 176 490
7
159 635 889 294 457 540 100
8
187 161 222 799 440 296 393 58
10
273 916 351 207 498 132 735 960 779 51
3
233 391 121
10
552 765 539 541 727 467 849 571 614 793
2
209 696
8
194 282 719 351 655 297 814 360
4
791 592 805 741
6
574 816 51 278 885 714
6
426 421 645 494 577 781
2
661 256
3
16 412 355
8
485 976 849 307 327 456 418 568
5
530 500 145 968 680
4
164 402 353 520
3
8 65 518
9
991 917 656 86 212 562 211 150 408
5
668 671 63 142 434
3
160 765 224
6
361 120 772 960 698 883
5
249 67 293 381 954
8
771 13 573 754 574 99 167 448
7
577 37 266 57 402 597 418
4
14 847 646 875
