100
62
6551 8716 7999 2590 3923 5126 6842 5669 9030 86 8283 7588 9048 6 3443 4709 4700 4733 3482 2898 4897 5505 5785 2178 1582 217 4293 6350 6858 9397 2895 633 9191 2714 4227 7360 9071 9437 2076 7607 6542 8417 6500 1354 3689 1056 4964 4170 692 630 9348 3988 6064 6180 68 258 4827 4257 5257 4941 4491 2863
42
8527 7248 1161 7071 105 8998 3957 3539 2653 6586 469 7284 3915 3133 8778 9463 1498 1660 2372 647 5749 4642 6398 2342 1294 2703 4985 2767 3525 2356 8210 642 8042 1708 2570 886 64 6395 7714 3473 5671 778
96
5748 7314 1331 8870 1654 6224 8127 4451 7845 8472 9491 9540 4071 1688 6771 996 6329 6332 865 1991 1666 7669 9680 8706 3037 3699 9978 1894 3936 7916 5941 7491 8211 6094 960 258 2408 9420 6972 9707 2541 398 618 5992 2776 6749 6156 6428 9683 4581 7652 1981 3899 4483 665 4590 2995 3280 6356 1071 8665 1671 9262 2152 1477 7375 4008 1249 2324 5972 9993 1981 2405 5454 3550 3045 6704 2168 8938 5544 9657 1516 8987 6683 4158 3407 3575 7221 6179 8695 5260 8413 6329 8089 7682 795
27
8235 3908 5452 1465 6813 2763 1238 5447 3225 7298 111 5848 1040 3028 1731 9007 7512 8306 375 1589 2993 9523 2696 4720 8416 3377 506
36
7505 6571 5412 3143 8711 5734 9523 9330 4236 1246 8457 1045 4227 3674 2837 9821 1231 5681 2043 7655 6175 34 1225 7795 7092 7782 1346 5241 9332 208 2440 287 7201 4652 7767 2684
30
978 7303 841 255 8774 4128 4440 3275 1402 6095 7401 8528 8031 6277 7135 2230 3987 7394 4051 5140 2709 9931 7640 5397 2517 9880 3921 2692 951 4182
64
1912 7821 6590 8043 7148 9764 2173 1096 313 3736 6609 2906 6952 9450 7257 6248 2491 8398 8462 4886 8720 25 5887 9231 5438 3193 169 3581 3323 2624 6278 4285 2133 4388 1048 5137 874 2557 8174 4627 7809 9175 7153 4529 1521 8671 7767 5029 7855 1546 3771 8093 5460 1481 8527 9945 5678 903 7598 9416 6641 8913 9478 9569
94
9828 7509 6289 9 724 7011 7207 1777 5385 2638 7823 9418 8881 2089 145 6654 7735 6602 5232 6096 1128 6461 6772 6657 820 1585 2980 2596 4402 8478 5687 695 4376 1271 8063 932 4547 6160 3856 624 5200 65 1489 574 2003 453 3290 5224 6882 7767 37 535 6231 192 6870 6406 1194 559 9272 162 1458 6490 7055 3031 7670 2322 3952 2322 2844 6890 4760 8368 7206 7792 9921 8386 788 6395 5400 6642 6596 8309 3490 7355 2950 5071 4495 9902 9753 6798 1457 1171 781 9685
86
7145 8229 8946 6232 9633 7642 25 7177 6231 1523 6399 4645 3859 1049 2694 6775 689 8421 8376 4138 9066 2647 5695 9401 852 6431 4646 9324 4249 4447 2538 4241 5686 2936 5838 2702 2016 4536 3180 7199 7448 7495 959 9259 8773 1484 4596 4517 9270 1902 8417 2474 1973 4739 1303 6751 7801 835 1594 4965 3868 1777 191 7180 5097 7160 5937 7819 3235 6779 6199 6902 1949 9455 4848 7728 2801 3989 4012 4359 7069 8384 2371 3263 1235 716
37
2762 8320 4381 2884 9933 6576 6606 5130 5540 9822 6672 4146 7170 3046 7172 2413 2329 423 4530 7928 8701 6951 529 8899 9162 3495 9145 5541 2974 1824 9682 6775 1862 3667 3941 8029 8500
58
6728 4714 9078 1836 9845 3937 434 9600 9245 8649 8847 1687 8653 5159 6763 2218 1679 5537 2394 6098 1276 2748 1343 4851 3347 9639 5678 9883 210 7550 5929 4500 8542 6469 6670 159 7349 2101 3507 8748 8983 7580 7382 9978 7784 3644 4479 9841 799 3654 9106 4439 8802 7498 8084 1707 5032 5919
98
2200 9691 4112 5200 7438 1001 6814 2818 6172 9775 2044 6478 3999 6708 1737 7690 9569 5195 5694 8277 7489 858 6154 2109 3116 8059 8181 7052 570 581 3818 2705 7879 7486 8299 259 234 8951 2807 938 6169 8281 8182 9391 4137 9227 2270 563 9852 5564 58 229 1360 1752 3895 5386 5225 3725 6953 4605 2187 2371 575 181 6309 8640 1961 1216 8092 2718 3891 6975 906 4005 231 6104 7322 344 2917 4962 5796 353 4943 1457 310 7616 9147 5699 5432 7363 7388 5786 6907 4620 4560 4690 1684 3426
68
3307 3684 4555 1185 9859 2213 5364 6807 7283 8955 5680 9953 265 3226 3692 3306 4572 8771 9888 1858 3080 7664 5298 3994 3663 5690 2780 2774 9060 8358 2370 2798 5306 2324 2184 6110 7703 5997 1399 2557 3133 2 1447 2676 9757 7013 2142 1053 4311 8305 6130 9101 3618 8138 8661 7087 4192 8953 6079 4306 5233 8683 8900 9736 4086 9825 4724 8700
11
6552 2947 7404 12 9797 9314 3292 3941 837 1255 1792
64
9775 9551 6821 7524 6320 5524 9745 5117 7620 4477 3292 9470 7113 2826 4797 8438 3466 8168 9122 6224 1210 6608 1751 4032 7498 3059 4491 5779 8638 4406 320 279 767 5559 1169 6294 1851 5876 8650 2869 4318 5091 1197 3664 7059 333 4848 9351 7226 6886 41 2150 1257 636 7191 3935 1568 7848 5602 2538 7118 4193 8162 7688
3
4067 23 995
55
3578 7594 3294 450 4801 4060 2326 459 4671 4480 1520 8066 1940 7207 7890 9166 1753 2714 1871 3773 3 6359 281 5751 4798 1472 7306 5285 3743 1444 1134 1658 3598 2158 3973 2762 6214 1403 1369 1231 1380 129 7416 2550 4388 1484 9895 4366 3999 587 6427 4500 6253 7929 8807
38
7061 2361 9700 8793 381 5804 9122 4652 521 3426 232 7199 9506 8381 8730 1777 109 261 4951 1559 6138 3118 6313 4707 3075 5450 1212 3619 8924 9860 3914 3261 7333 5060 8426 3478 4055 7796
93
5335 8614 6255 9168 2389 7980 2734 3744 1066 8482 9848 9151 7519 3903 6180 4674 6952 6570 1013 623 7999 2183 4475 6475 4428 5519 7011 8430 8312 9004 7459 5283 4204 2663 6087 4104 7842 1319 674 6773 5560 8464 5751 3588 9310 3623 6191 5275 4139 5107 7426 3882 4179 9365 6612 7012 6693 9145 7710 5423 2234 4217 5411 5608 2480 9548 3187 8409 5168 4147 8851 9282 1111 4880 1394 1937 870 506 2153 1001 7198 2298 5698 6445 8535 6170 9252 3557 4181 3961 7159 5035 9037
96
2778 2 6663 9006 4674 6073 1830 6456 7264 8406 9932 1242 5750 7868 8167 9198 1036 4257 1686 627 3841 8027 812 7815 5883 3643 1145 8356 5340 8322 8331 1469 2797 4536 4884 9926 8312 8127 6608 4512 8850 9425 8457 3946 9990 329 3466 3522 951 5920 5335 280 9412 9682 2127 7870 3917 9367 661 4941 8784 3360 1498 7081 312 962 7544 5829 8746 642 5806 9759 4596 2499 1533 3569 1177 7813 5276 1817 2185 8707 7547 2831 9368 3161 5312 2369 9817 5755 3213 832 5277 9290 2691 8901
50
3914 1187 1180 4195 6407 7823 6934 9866 8920 3263 2977 2733 6700 5561 6993 5850 8218 9514 7309 6388 6831 2218 7173 8834 6156 6800 5467 7656 4616 5955 7435 1571 1101 1462 3313 8227 2556 1033 4647 2618 7274 7725 1324 4997 5718 5884 1320 3502 9004 2814
46
6078 5708 395 641 7504 1007 3039 3424 5162 8262 7889 2255 1613 7898 3338 4394 4640 4992 3577 8884 6701 1364 5572 8460 4846 6531 7010 444 7683 8799 2275 2881 9811 2029 5171 3740 2327 5138 3039 6777 5764 578 3742 416 4359 4323
13
8387 9968 343 7721 7490 591 1022 6120 120 6039 325 4420 807
94
2049 4648 4361 4897 1502 5598 9881 8445 8539 4399 6791 8444 6820 9478 1573 7099 9063 501 9139 4316 2942 7695 1345 5654 5741 694 6895 6325 1933 666 2377 5045 3087 3741 8282 8460 3990 8913 2709 6191 6273 9438 8505 8500 4517 4879 8602 9057 43 743 7745 5224 4268 6385 5914 1257 7322 6764 528 7985 515 9287 2553 7527 4005 3149 1711 1728 8610 8726 4954 3317 4947 1965 6145 8355 5594 9557 1034 2240 5926 1810 5318 3047 7768 4570 1158 6522 5145 8442 6861 4916 9551 3540
26
1688 8127 621 8207 9371 3524 8695 8686 2814 6455 9594 8861 3702 7776 9171 9826 671 9487 1504 3862 4989 4250 2424 1212 9698 8382
92
5497 9517 9092 3455 5175 7177 1185 68 8293 1554 5469 3020 3093 4076 7883 402 4380 950 6878 4004 1698 1112 5717 837 7706 8920 4978 1917 29 6981 2746 8827 8622 6870 4010 190 8170 559 2709 1995 8283 4557 9642 6076 7665 3475 2309 8872 8961 8364 7690 5445 9550 8368 5747 3136 5412 1224 9268 3435 3994 3331 5725 268 4325 8439 5841 312 8261 1187 9444 5559 8998 5330 6743 1470 3688 694 7835 5164 2783 8014 4939 3476 2579 8476 3143 6973 9864 9278 9045 5797
89
9021 5186 6069 9737 6850 3310 9724 618 8585 229 7103 2258 5131 3640 3032 6312 2291 6984 7063 2660 7372 5498 4589 4397 5106 2695 2992 1755 2880 952 2384 8062 5780 6093 6212 4895 6575 8013 653 7243 9221 3339 7734 8018 8722 2602 8179 6452 2766 6983 7029 3814 411 663 5012 4342 3191 1162 7021 3929 7116 4826 8215 8939 4900 6270 5251 3229 2496 57 1942 6969 8150 6017 544 3716 4498 2245 1822 8129 5997 2368 4117 5933 793 6633 9920 2466 8225
6
9747 8288 1607 6896 9940 8150
77
1381 3010 2286 3467 6623 5787 6371 357 1307 17 2813 2200 9594 1086 8316 7130 1159 4768 5976 7652 8882 229 2552 8314 4214 3438 5022 6053 5858 8750 1099 2782 7144 8450 9985 6050 8350 8562 5486 1160 2077 4113 7144 8021 5252 2244 5575 3414 6541 9965 4625 4627 7215 1965 1029 534 1186 6851 1424 9233 4452 68 7176 9709 300 7495 1313 3532 8536 2133 4199 8898 4307 7186 9351 1797 2109
14
3995 6140 8901 5881 8782 7135 5497 2352 5748 2925 1378 3084 3580 9630
59
1906 543 7435 7414 8560 253 4389 9699 4785 8218 6301 354 729 8429 6035 8308 7720 6112 9807 458 1792 6648 7807 7462 9163 8743 6065 6702 8078 7178 6894 5346 3793 6060 9114 9834 9945 356 1852 571 6851 4026 4655 4336 8899 9769 5527 6521 3358 8873 4539 7851 2643 9362 2949 2743 4439 2603 8910
8
3685 4990 1391 3797 1256 3270 6050 1793
22
7397 8300 2037 341 2427 6782 3630 3784 5480 3024 5831 2468 8496 242 9914 2584 668 9169 9258 6237 7772 755
2
8186 2341
81
9646 2684 6183 6395 3942 2649 1247 4880 2082 7604 6229 6235 6175 9876 2566 5459 6737 7551 2379 775 5845 889 6279 9808 6874 7743 8937 2274 7373 8433 2764 7144 6154 2738 9992 9471 2507 8335 5005 3994 8911 2831 9189 166 6901 2919 6731 8520 5088 651 894 4348 9382 3441 5311 5129 9022 9246 5319 7461 3082 6711 5780 7816 9258 6253 6267 7016 3569 8841 3405 7454 4451 7433 5215 9542 1918 7954 3655 1217 9147
9
8370 5481 8394 1783 6802 6077 2721 3354 7887
32
5194 7331 3198 9062 2773 4653 9774 1770 4698 4509 8765 1522 5991 7176 7417 2424 6147 9616 909 8826 4952 8116 6101 7979 4478 3200 6065 4424 1431 2849 6317 6712
13
4219 3517 9466 6877 2744 9088 1277 4102 2703 1874 3044 8605 3644
41
823 467 8975 8956 5907 3765 6200 8874 3929 4873 5850 5130 5484 545 6104 5318 8743 3647 9732 1116 7395 9520 9211 549 8798 9918 3823 2363 3533 7830 8188 8242 6721 2041 4990 9754 3118 7166 3124 7858 3802
26
4036 68 3275 7145 9507 7738 482 7331 6987 3259 7703 231 325 7669 1828 4248 1107 9964 8271 1575 6638 1975 5294 187 278 5288
15
9299 721 593 5898 169 4609 3612 2296 7942 493 5452 5272 4893 3661 4368
4
6038 3362 6453 9397
19
2386 6628 7786 2447 8476 7006 6465 7266 5059 285 3980 7711 9258 1097 1018 6261 2372 5366 67
16
8171 5952 4459 7846 4758 2861 9946 572 3233 6089 9466 2335 4183 7040 5353 7122
36
3127 3036 906 3473 8048 6396 4022 4877 7423 9112 3361 9428 6398 7043 6857 8009 7333 5998 5059 8150 3302 1435 7328 8310 784 6027 9046 717 5556 452 5040 1913 3056 7278 1883 3908
52
5818 3642 5432 7301 270 8690 8492 1733 8595 3421 5120 6316 9582 7625 9700 6112 2308 6234 8100 4302 1220 5756 5002 1430 4292 7304 2946 5867 5152 2171 5888 35 9214 6818 6405 5923 8653 4892 5178 8872 2098 5687 3851 7187 5706 9132 1912 3462 1280 9713 4077 8286
47
3359 6080 5465 3146 2174 4345 818 94 2386 1483 9267 9592 8523 7717 7353 6686 3107 6713 3603 4088 5736 5065 9131 4988 8097 8471 3321 9437 3000 990 2293 9808 5659 5805 8308 6067 2935 6269 3587 7625 2017 9479 4118 2052 1457 700 6066
47
5291 7827 73 9849 505 3163 6275 3166 217 6104 1624 5334 598 6520 9186 2564 1454 3329 605 323 6268 4584 5878 1853 8126 6658 8338 7349 2285 2794 5011 9388 940 4357 4582 620 9050 4412 5376 6817 5865 4017 7978 7668 2297 6142 4201
17
5472 1889 4475 900 5557 1748 3396 1176 7482 5514 4629 4533 5897 317 4264 9732 3364
76
6961 3615 2387 2483 6066 8080 7532 4105 1435 4040 27 9124 7249 3840 6944 7269 5273 1975 5772 6875 3058 3416 6776 461 9078 6980 3735 8479 2165 7499 5464 3212 2924 3458 5310 4993 6991 4978 5063 5960 3165 488 7516 1923 1322 7783 7191 4619 6371 4719 4724 1888 7229 7598 6629 6364 5177 6747 2660 5920 4345 205 3084 6277 6737 8781 7679 4905 8088 4983 2526 3139 3826 741 9954 8780
54
7670 2823 9235 2139 8130 9958 7748 4112 1616 547 5413 4561 462 4258 6319 7856 7785 1065 7061 6643 6223 9054 1916 4145 9533 6408 9792 3799 6582 2382 4961 1362 2700 4679 6118 6320 6619 3509 8621 331 6626 5891 4995 8396 3420 2777 3028 8687 1898 3092 1343 6908 7140 2034
17
8576 1946 2404 1702 9757 5406 5485 2196 6260 1395 3327 6305 8564 7966 2017 7035 5854
48
286 8800 5245 2444 8015 9332 4515 7199 9703 7383 8775 8576 9172 3492 4546 7461 3798 1324 2127 9953 6305 3466 8574 7293 2654 3667 8478 9417 8601 8286 2984 5910 1540 7169 1068 2004 105 2040 7257 5817 8589 6911 5831 4638 1943 3750 6560 9910
7
4874 5449 1495 3650 5037 4836 5676
39
3357 2137 740 8809 4873 1110 8119 8360 1573 1761 5341 7013 4225 9983 9236 7708 4117 2351 7224 4801 9103 2905 839 1893 1297 56 1992 2492 2020 1697 6341 4231 4792 2186 2595 6721 9252 9257 1239
25
8485 8337 4676 9075 1113 9076 3104 9179 9366 1037 3551 1910 3373 1467 3959 3800 4820 6330 7429 4470 5314 4455 1965 7577 7926
92
6092 1255 8895 2595 6433 7901 7807 6528 1808 9223 3288 3752 2279 9199 4971 6095 8310 9153 170 6255 2710 8625 8210 6464 2488 8359 1255 1501 4239 6423 561 7886 4611 1392 5546 7655 5853 1736 9365 7598 1511 9838 9698 4254 9990 6972 3861 3166 8169 4362 7057 7726 7340 2068 1459 5997 9292 6639 9062 160 5477 1512 5597 2308 6143 1642 9078 899 32 5053 3414 9053 4460 1121 3847 9920 7387 4399 1530 9364 7813 4056 302 2468 1351 7808 7552 6951 6078 4771 2356 3886
47
7861 8002 2792 9201 870 3212 8212 6148 367 2023 3807 473 2632 735 9930 29 5484 517 8188 250 478 1167 4763 7257 3249 9993 2478 8539 3140 1788 521 4260 5580 8122 1902 1547 1360 3198 9129 9713 2233 2261 2850 9064 1374 9959 5953
45
4611 6196 4222 3388 377 4037 3144 2293 9615 8121 647 8068 1046 3809 7572 5710 3277 6242 4287 7378 3288 4716 5646 7373 3922 9572 3372 6913 1484 12 4939 5163 3138 9478 3936 4817 9446 1293 5799 4211 4119 7718 6251 8784 9838
26
2616 7036 9463 8435 5955 5579 7732 247 8729 7619 1503 277 4847 3194 6285 3438 3237 7414 2927 4028 8374 1012 8596 1489 1429 1963
4
4847 2175 7774 7962
87
3041 1007 7065 6084 5408 5032 7328 7056 1931 1058 7392 4254 8685 7101 7501 5888 1740 9723 5929 1300 6572 473 3383 6611 3588 7555 4429 9025 8843 4862 7414 4804 7099 5866 8459 5910 3043 778 183 9845 3579 8524 576 7470 2119 4835 2885 7206 3054 5987 1419 4672 4153 9627 5479 8184 4991 8773 9005 9959 4571 812 2164 7397 2178 5982 8739 274 5193 2491 7476 8667 3795 3996 6793 4026 3667 4399 3261 3356 5103 1539 344 1973 3193 41 4612
21
3678 5781 2730 3907 5352 4137 3224 3816 4808 6493 6708 317 1437 4408 6139 1454 6894 3933 6156 461 132
37
526 574 9097 9498 6776 6412 8277 8076 2362 455 5958 1332 603 5473 2102 2830 9482 9540 579 5162 9251 3284 678 1847 5127 7878 8769 6942 392 5790 1381 8962 943 7396 9112 1770 4999
72
4036 664 9845 5176 8224 262 2716 7022 5846 7944 1744 9929 9497 7038 4290 2356 6127 6882 3911 4820 3917 502 3316 3980 858 2752 5030 1259 8590 7715 3912 538 9867 5177 1615 547 8075 979 5828 303 9701 7145 5628 3051 9965 3759 1997 6425 7403 5971 476 7193 6446 9964 4444 2539 4134 4775 3096 1881 9753 2797 182 8925 3828 7101 2577 9910 9032 8884 2622 5439
18
9877 3329 6573 1997 4779 600 6740 457 4988 8196 7562 3817 8958 8939 793 715 6140 1264
88
387 5995 7137 2282 1249 8731 7307 7902 657 1041 2892 3837 1116 8378 2588 2716 6112 6947 6305 8195 4725 7209 584 328 19 9651 9017 1885 7918 6568 5577 3973 6562 5444 2057 7710 7736 8187 9238 8337 7412 2420 1503 169 8120 616 7401 5192 5196 1649 3845 6961 3856 3485 9450 4422 4137 1275 2276 4982 8690 6624 5098 9759 2367 7307 177 9851 8784 8401 8961 1649 6077 7418 9211 7090 4659 3256 3894 8345 8237 8508 3826 8380 8016 4802 456 3263
76
9707 7683 4164 9949 7217 7959 8784 4943 2977 400 1673 6770 9661 4028 4284 6374 587 2157 1887 5486 8622 7589 6180 6531 7125 2895 3306 8843 515 3985 3283 2824 9917 3370 2517 5456 7682 7933 8677 7079 8660 2216 7232 6882 9378 3510 8236 287 222 3204 2131 2914 6162 7007 3858 1107 2453 4472 7556 6703 286 6510 6523 8983 6634 7259 4956 9668 2671 4788 5807 6165 3211 8918 2529 1554
40
3872 3301 2900 1152 820 9461 4701 2021 1211 6842 8574 2697 6171 6656 9791 4060 1573 7225 7514 2947 9953 6324 1983 7444 491 4046 7793 6954 5456 7745 7129 2534 3486 9140 6919 9646 2382 9929 8699 3378
12
5494 1630 2996 9085 2007 7260 8906 6688 9103 5827 3965 6893
53
1524 7810 8699 2389 8357 8461 2517 7569 2484 2264 7410 5197 2281 6528 7614 8997 986 4331 1326 5625 9853 776 4962 3601 485 6163 4315 5182 6994 7715 9122 3979 9808 8405 4348 7753 2257 867 8321 8940 7500 8234 521 6858 2915 9979 6110 6553 5334 8601 4473 9541 4023
17
2025 5834 7466 5877 917 7750 3838 5564 2959 9948 7282 2395 8759 9478 2097 8375 7949
38
8298 1814 3888 8741 922 3305 1133 8989 5846 9371 4277 7252 5680 839 7683 8345 4828 9684 7893 7049 2270 8815 8026 8075 7334 1360 3491 1517 4388 180 4545 7476 1148 6711 2647 9018 6930 5822
67
1955 6050 8261 5033 7471 5877 9281 7208 9890 9660 7741 7643 9321 9352 5977 7291 9909 2985 8029 3727 7850 5577 3696 1866 6818 9138 4839 391 6765 6548 1434 4640 9366 4369 6870 7800 54 5687 7051 4645 3814 4233 3521 1929 1334 8965 5562 5633 5865 1100 5118 6279 2201 5314 4629 9542 4941 5812 2949 1955 1865 3369 2610 4960 6920 6194 85
96
384 1286 5010 5822 6700 9949 8557 6264 192 8294 6343 2796 6428 6933 2018 6580 5575 2181 484 342 8643 7932 8546 965 7933 2566 24 6696 4312 9378 1138 5120 6876 6757 1415 326 9453 9744 3533 4103 4193 3161 4419 9656 4677 4524 9730 8334 6965 4872 6649 3596 4702 1284 4877 5937 3712 6161 11 5605 7980 5391 4489 9500 6263 3047 7345 3554 8162 2778 9108 6584 1134 7478 4125 3353 8618 2299 10000 8902 3694 7467 5427 4214 973 2990 8013 3723 5141 3409 246 373 9556 9171 4276 5125
57
7739 7023 9628 6902 204 2098 3838 3672 1644 7640 7632 5053 3812 3945 4043 6339 6379 1106 535 7046 9487 4782 74 5431 8977 4643 7702 4443 8575 4825 4137 3285 8374 2855 6260 2441 9018 8805 7289 2254 1664 1774 958 8077 641 6066 6993 116 1598 3039 3603 6982 8499 1401 2234 7480 1794
7
154 4349 7226 2549 5828 8572 7760
27
4380 6083 8105 134 4638 2004 5453 8501 4954 9824 3403 121 217 5709 6524 1241 2199 4732 6961 9957 5059 48 5055 6711 4330 3337 1182
90
1501 4506 9643 9866 8499 9580 1797 5433 4384 2970 4361 1313 1956 6322 7786 4045 7093 5623 8113 1212 945 2263 6449 7481 2050 1269 5956 6953 7214 6344 5744 9791 8732 3919 9015 9828 6928 9944 9707 5325 6094 7757 7004 2672 5687 5195 4734 7858 6318 7108 8798 9091 2986 4528 2566 95 851 1007 375 7818 6007 889 6261 326 9308 422 2530 3024 504 7745 1090 1492 8003 6600 3234 1876 6767 2864 4610 7032 6681 8532 1177 5905 8721 6751 7555 7622 3925 8527
2
8602 7749
3
5587 6608 3074
50
6453 4799 1982 3128 5229 1779 8975 8985 6328 5207 1055 2746 1838 5358 4781 9331 2543 7523 7359 5562 9963 8297 668 6290 1859 757 2026 5280 5536 3041 938 57 7516 9668 9326 1149 3475 6654 5034 9993 322 6545 6043 3638 1078 9128 3518 26 3582 7684
12
4500 2807 2235 2479 7043 3986 194 1345 7041 9141 2504 6587
92
2122 8571 8853 3727 2372 3431 5805 1244 9981 7582 5356 3782 1871 5658 9619 7346 4482 1871 8837 6982 6998 5026 1017 8141 6174 2584 8848 3113 1473 1904 8152 1899 8274 8823 4441 4106 8422 6668 3027 1583 6029 9767 6964 3705 3612 2673 7414 389 7440 6732 5455 9679 2724 4277 9003 6673 7667 14 5778 9486 9267 9760 8382 5394 7331 9823 5710 1317 940 5444 8316 1942 5271 6043 9911 764 5375 5215 4561 8188 6127 8811 8629 8363 8829 638 5737 9432 673 6525 39 6387
92
2880 2338 417 2816 3571 2217 3111 4220 9975 7296 7931 7298 5883 5430 5316 8786 8449 9581 7474 7916 6284 2338 4521 63 10 3682 7321 5637 357 9306 4446 4867 8042 6122 4120 5956 4681 7774 3602 4779 1858 117 8123 6323 8184 6939 5172 5317 7747 1566 1768 7700 9709 2484 9093 5713 5982 8692 9797 1134 6089 9483 6540 4066 7594 3160 7262 6787 855 9769 1559 6421 8472 4019 1496 1916 3538 4240 8901 9158 1499 4206 1422 5304 3400 9020 9939 2074 8805 7704 9379 839
4
9437 118 6514 1676
46
207 6971 9646 1548 1683 8794 7798 4427 96 3975 8974 9484 6270 934 6122 4602 295 6879 8117 3817 8316 3550 1840 8099 5282 8144 7833 8211 9953 433 7559 5685 5795 6261 1331 2743 5748 414 5699 6569 6906 1437 900 5437 5118 5593
99
156 5944 9257 812 8197 1712 7013 1130 7415 6320 8563 2901 3205 7110 7769 7909 7488 1564 186 215 6290 9795 8423 4508 5523 185 7079 2267 3279 7556 3632 5388 2537 2522 4922 2139 9390 5109 9458 9540 5880 6696 4517 2776 783 4328 2280 8799 8251 3367 4922 2328 1146 2498 3213 3719 7346 841 5267 1444 4943 4684 9664 4710 7831 3461 2448 5115 9576 3817 8592 2904 3522 9224 9763 1031 8966 964 942 3976 4028 2643 5641 2541 4938 5363 1411 882 850 8886 7423 1693 5502 5122 9871 8289 2762 4922 757
30
9306 2755 4266 8571 2482 639 2742 6627 9799 1615 854 2706 9042 3964 6706 691 6961 8370 1641 5542 2098 9364 5965 9526 9823 6621 3970 6370 292 1481
97
430 5610 4930 9373 7939 1720 2160 8324 916 6913 7639 6879 1449 3341 6964 2299 8683 6532 8194 8695 491 9790 6471 4149 3467 2714 5393 1486 680 8310 887 3771 9266 9642 8155 9261 6527 964 8836 3012 5269 3269 1699 1296 2429 7900 8377 764 6295 7783 7255 8064 9888 9303 6000 8348 6307 4060 8711 2911 5721 2830 806 7882 2780 3945 8271 9522 2792 4318 5920 3309 8064 3615 9746 4468 6470 2054 9409 9937 2838 1678 6610 3094 345 8843 6291 3725 5477 3986 6936 3440 6758 9628 6582 1046 8743
11
6676 5678 3804 9827 2016 1288 9100 2437 9807 2723 5382
43
5427 4365 4333 7513 7903 8691 7345 5304 6297 691 712 3856 3492 9291 5114 8962 7720 3056 3876 7791 887 8855 2326 4583 7587 2212 9882 3007 5396 8364 248 8192 1711 7715 4742 8830 241 8703 9010 3754 8629 4930 5123
80
6137 6977 2927 8089 3446 7612 1407 2812 2462 3853 6553 8064 2839 3103 4173 9724 9356 1904 9271 3464 6100 4953 1413 3590 1084 698 2164 9976 1089 4852 1685 838 931 718 4675 4780 2710 8778 6350 6914 8393 788 3160 8739 9508 7564 7874 3575 6188 1113 8889 5004 5977 7931 8303 7475 1061 7818 4476 4007 2842 9640 652 8048 4377 8009 9442 9378 8276 5141 2121 8226 5902 9588 9384 3351 3804 7105 3309 1134
68
3772 4892 3754 6149 3042 7801 2156 8866 287 6931 3172 9579 8708 8500 1498 5586 5259 5562 1693 7154 4522 7082 5394 843 4064 9205 1771 9750 1773 2370 7841 6811 7216 7816 1704 1170 1022 1977 5085 9050 8104 8976 7631 1857 6052 4673 5970 8296 6946 9737 5376 5445 545 445 5995 475 4376 8844 4667 62 9641 1654 9538 4354 3226 8622 5408 209
79
6143 9011 6248 7448 8011 9564 6292 3963 5274 4930 9716 8666 3611 268 7315 9795 7595 7422 3576 9778 7299 2160 2326 8791 3037 7032 2950 778 1000 9103 2581 2610 7122 4811 2851 1502 5773 5314 6276 3536 640 7241 1121 8290 3622 1839 8428 1532 5955 3685 6548 2226 1567 8778 8567 8650 47 1900 2380 5801 7756 7523 9583 116 8612 1640 5371 2550 6382 1546 7319 3319 2139 4978 181 7001 2196 5629 8482
18
1500 4790 9903 8682 8661 8498 1584 957 5782 9126 1506 4694 5402 6327 4392 809 9543 7405
73
2176 4340 3474 5958 5990 6775 8787 8841 2273 8279 1570 4586 371 2014 1630 2248 7055 6814 4561 1826 6397 7749 2222 3104 6571 5320 6094 6649 4538 2581 181 1993 2439 4532 6448 1557 9333 9670 1119 7277 8031 4215 4945 7082 8117 9714 3327 6086 3752 5820 2255 9008 1085 1250 7847 821 2344 6878 5775 6054 7857 351 3260 3233 1870 3721 3129 2089 8285 3960 7973 7058 1989
85
6987 2883 6138 1716 2545 9101 6762 1622 5671 5066 2708 1191 6560 1620 9676 8802 71 2598 4367 506 4140 7227 6323 305 8525 1639 7302 7181 7567 3591 7773 7387 1115 3916 8678 6454 7946 3277 8097 4219 2710 9922 4679 7051 1601 1139 1360 2509 1349 7569 3054 3093 7048 6067 6558 771 7121 2326 1909 8234 7519 1019 6635 3517 261 805 1851 1390 9164 2311 2356 1524 2035 7256 3098 7108 6588 5745 9508 8672 4396 9082 8805 2896 2775
3
8442 9323 5128
44
8304 5916 3508 2364 8539 2338 6031 965 8021 7697 9545 7117 3485 9048 4680 9373 1131 4026 789 6134 9101 589 2408 3302 3199 6003 8134 6350 8371 5784 8679 4142 2498 4434 8391 8156 6058 5626 1871 5796 7612 2991 8428 2835
