100
8
7189 1145 1621 4978 3161 2048 7431 7197
40
518 8228 1021 2364 3225 7110 4811 3419 6658 112 751 4111 1479 2363 1842 9096 638 3499 5673 9754 2555 4525 5280 7924 4743 704 5570 5443 9121 5547 3396 3208 1151 5440 6014 7514 4066 8268 9400 2557
82
1699 1559 938 9528 1258 5427 2683 9996 8286 6123 5436 6342 9160 3806 2801 1293 3022 5550 1307 5554 557 4688 4603 3835 334 3057 2146 6576 4861 5038 8834 6689 3777 7611 4431 7736 3521 1794 8802 6197 7015 6401 4535 3095 5377 5583 1439 7457 6919 7996 4512 1137 4422 7201 8314 9895 5850 3517 585 3059 9805 7264 3215 6538 9820 6487 1570 7627 4817 2252 6123 3927 6848 1450 6149 856 63 1474 4322 7558 4689 2294
74
1168 4743 4307 718 1380 2844 1199 8233 2656 1201 7393 4473 6691 1000 2136 1996 2215 2474 6521 9692 4305 5295 3494 6347 7056 9156 2283 6338 8433 8074 5977 154 6830 9184 5752 7382 1831 86 3334 2293 1540 1703 5657 7465 5326 6933 7538 9472 3574 5834 9941 9079 4661 646 3270 2251 7777 362 9183 4235 7568 6982 4841 4500 5787 8947 6872 8334 5463 5166 5825 412 763 4124
86
1725 6396 1382 4736 5931 1517 4155 3114 9663 595 769 4078 2138 7122 1604 5256 8635 2595 3405 642 3612 1323 2092 2946 9855 7958 623 3099 3398 6605 2873 6362 1490 6786 7272 4651 1996 5302 28 8826 7606 4764 1379 2948 9409 7609 4412 1883 7248 7362 3887 59 112 6771 5371 4375 6819 5040 4937 7063 6321 8549 1641 5438 8712 6372 4689 7983 906 9931 9 1869 3960 2425 1773 4192 8534 6854 4603 6592 7332 2501 2319 154 896 2359
26
1716 7141 536 5981 1908 3564 1098 6105 6092 2790 6714 8174 4238 3915 580 9599 1401 6204 2879 6332 3036 7054 729 4891 8059 7023
74
5963 9102 5175 7824 6839 8356 5588 8281 5487 1540 3893 1436 9648 7277 852 7448 3701 3935 5255 7467 3749 3195 1750 1495 4342 612 7876 1306 9490 146 1781 6005 6904 9741 6322 9469 7031 9293 5512 9984 9127 7886 307 4622 246 3532 4924 1001 1970 8689 9134 7403 5980 2538 4077 947 4199 6380 9229 5874 467 6962 7220 4083 2748 6500 6426 2142 7699 5644 5069 9697 2919 611
26
4637 6570 1764 2422 7939 837 766 1207 4721 3480 5340 6816 4856 9194 2587 5789 8208 149 1037 4991 6500 7575 21 8425 3351 4903
55
6087 1374 5816 2013 5648 695 9193 6238 8625 1423 6953 2139 5822 2903 3659 9091 7815 5290 4457 3381 9145 4358 3751 6127 7044 9144 7146 1738 8820 9624 2335 264 5140 221 9896 5882 9871 5515 2940 9515 3669 3484 593 2364 3207 2811 4909 3200 8594 8349 6861 7720 1788 6904 3960
12
3148 9111 4685 9880 3616 3686 5033 2323 2962 2990 2573 4820
51
5143 5950 9956 5900 9603 1391 3345 7706 1033 6265 5258 9916 5151 6773 4833 3469 7948 8123 454 6592 5270 5907 3100 3312 734 4527 6319 1000 2279 4031 6015 5208 5265 313 5635 7885 3944 2780 1009 7619 4940 8452 5916 5636 6000 2255 772 9016 4112 776 8230
19
1869 9127 4258 5754 4468 5342 1087 1357 1067 7050 4505 2367 5415 643 9713 4634 3112 9974 4044
66
1581 7820 7649 4250 3880 782 305 5492 1305 4804 9808 3080 5192 7085 8113 2147 5719 8346 9865 6471 8639 7307 8150 1616 9057 9993 7039 1269 2989 7707 13 2139 850 1362 1589 3793 6360 4179 2981 1018 3848 3233 1865 6063 1921 4799 484 947 6992 636 3385 2413 7524 4378 6930 8304 5590 9817 4213 3804 8684 1216 3661 4463 3165 9255
86
5365 5150 2932 3413 6031 5010 8803 5777 6806 2648 8517 7361 5430 1148 59 3753 4496 1572 7824 8545 7212 9748 8257 3518 3915 8818 7571 1946 3141 4663 5050 9100 5869 6689 5398 2861 6675 2294 7759 9019 198 3557 8936 1704 1024 4053 1987 9064 7868 1384 3278 7376 5577 7475 6543 5657 3629 1858 6198 9938 2202 8624 8900 6300 2939 6260 4342 8861 6352 2037 9572 4867 5905 4552 9066 2971 2605 217 6561 9967 6749 9534 6971 9430 4207 6276
46
9934 2718 4870 726 4915 1077 5975 8747 5198 9350 6188 7591 809 782 1388 3388 5318 5731 4806 4194 6476 7155 692 2955 7097 8201 6329 4116 3401 213 3665 3716 2983 7889 9717 5320 358 2499 8989 3014 6479 65 5270 287 6343 3072
59
4131 2356 6630 5834 5394 7675 7136 1483 2543 230 8272 7167 4449 3132 9276 5328 1559 5625 353 6707 5795 4857 6411 716 7955 5901 3374 3367 1968 3511 8229 3754 1589 6166 8415 800 16 978 8466 469 1389 8354 4327 6651 7475 1549 1139 8948 6103 2515 4341 6790 726 4740 6217 1006 2386 1505 9476
2
9475 3685
37
7005 4352 1396 3301 8864 7500 6076 3060 2093 9725 909 3952 7914 6360 9381 3648 4520 7991 666 134 3584 2504 3736 4824 5041 6269 7781 309 5792 4161 1006 9837 8003 256 2479 6755 4267
80
7357 6391 937 2348 8305 6750 6219 5326 4846 7260 4987 3459 9388 6861 3449 3433 5534 9501 1590 748 3625 1223 6220 1101 2400 5043 5317 7278 2991 3210 1739 3969 5363 7096 95 7456 6051 9868 2585 4996 9123 6232 5536 6360 4641 2355 427 5481 563 6234 9195 8846 9836 1418 5525 8683 4369 8332 4781 3304 7520 7865 2940 9401 7193 4137 9644 5212 9271 1821 3206 235 2525 8252 9357 2986 6329 7516 9845 2600
27
1851 7719 6237 5123 8351 4492 4960 4902 1793 3006 2624 8692 7865 5248 550 7200 2950 9136 7792 6057 1063 4186 3096 4879 5619 4012 6685
93
6611 6457 8141 655 4841 608 2761 3209 4239 3043 7650 8132 222 3535 2804 3777 2145 3044 2135 2602 432 5273 3213 9576 9420 3810 7989 7224 1715 6032 2259 9793 6735 5295 9319 3297 4849 4539 5951 3440 3494 9594 9221 6616 9403 7573 5449 70 3201 6175 2294 3393 4059 2155 2220 7885 8831 9518 8956 6041 8458 3110 8349 9167 2740 4087 6064 3764 9391 8646 3016 9988 7355 3453 6079 5666 2413 4872 3968 7058 4707 8834 335 4165 6312 342 1196 3845 1802 3376 8523 3257 6226
7
6134 6765 6003 6463 7139 6996 7826
68
7972 1131 1620 5052 7293 4133 8759 5232 4066 1692 8185 4502 5182 4017 45 988 3446 8014 9192 1767 5100 1003 4786 2748 4331 5467 9861 9301 1568 8475 8408 3353 1883 2458 3445 7427 4404 5953 672 5686 2783 3671 3143 1337 2091 8971 7815 8653 4414 9878 6106 6940 7241 2762 1554 9575 6804 2092 8169 3107 3459 4015 2696 5960 1420 1010 5180 3228
60
4216 2453 6293 7625 4901 3772 3845 3947 4375 7210 6932 7322 2434 549 403 6722 2654 6144 5184 7785 9726 5932 3793 6076 156 8130 283 3469 1100 1098 4476 5780 9673 781 8636 2903 6286 872 6684 3209 8020 5345 1899 3591 6869 8256 4475 9631 7251 4458 9100 8580 1274 6511 2454 1985 5829 3203 9568 1731
21
3577 3481 6705 2705 3822 8701 2635 7587 4550 7686 3631 1714 4826 4392 6795 1410 6851 9982 5683 8491 9712
11
1987 1788 1739 8600 7044 8364 1778 3437 980 476 8015
87
1392 6055 9246 1427 391 4934 5139 6485 2225 1095 312 9018 4853 4321 1517 505 2285 3265 3142 6409 4106 7387 2567 8305 5828 9576 4118 8975 7890 204 3242 5238 8579 9108 8957 8564 9520 5561 8145 1446 5089 4724 6529 9694 116 3402 8337 4005 7684 303 9248 163 1661 3110 7173 7506 4653 9306 2849 2666 2903 7077 2058 3256 1604 3612 9373 3045 8273 5460 211 6587 9358 7687 5944 6758 3325 7772 7645 7189 1345 410 4862 1509 1070 820 8641
22
9348 9191 6105 7867 4619 9786 5762 1002 5031 3061 859 8626 2480 6523 9425 9799 2547 2277 2838 1116 2653 4554
13
8832 560 1735 228 3718 4872 4297 4842 304 2343 3162 7725 2552
27
6487 3892 7373 8375 2320 2571 4308 8813 3931 5755 9719 3086 3565 5725 892 4313 7016 9678 2349 3821 6535 4150 5599 3055 3541 4939 754
100
62 6444 4822 1596 865 5006 3483 5099 7478 5394 8555 9521 8068 4984 1357 9482 1163 7003 4144 6744 295 3651 3213 6648 8971 3240 8742 9276 2873 1311 5724 3300 5081 6325 3586 4696 6179 7738 4449 4322 8861 4552 7966 7433 2255 269 6634 7854 9389 6746 6736 6647 6105 3658 8570 3026 5583 3278 3984 3899 4719 6135 7332 2089 5634 1297 9738 9114 3110 9167 9106 8931 6442 8333 305 236 5043 359 6629 6490 5380 3743 1659 5608 6815 5554 3495 6126 7654 3779 6453 8480 9305 6949 5218 3405 7594 7370 1239 9174
30
2974 7474 3228 5318 9217 7670 7652 9485 6208 8295 3293 9239 6878 5759 8157 1552 1134 1811 8712 4630 750 8835 2271 4294 5526 9352 5717 8134 3214 9059
77
8670 4679 7317 2505 7690 6710 5191 737 7408 2346 3962 2511 1119 2003 182 3967 5224 5736 5568 1769 4991 7508 4407 3854 4119 5608 8654 7818 2305 7401 5309 7186 6765 2598 2950 9843 304 4638 7363 306 1920 9078 5335 8370 2811 5026 4810 1255 8427 4222 9606 5223 3319 5139 6628 6926 6392 888 8410 3974 2793 998 392 4447 341 5822 451 9117 3966 2125 8165 812 9743 5278 4360 9581 7229
9
254 1740 8987 4554 134 8606 288 3713 3223
27
1539 1138 3177 6673 4505 8113 5405 8690 7873 3618 2491 327 394 2229 8539 1171 3456 3753 8119 5002 716 9075 6662 7138 7557 8182 3198
42
7090 5892 7170 5350 2419 5150 8472 5566 8732 8957 7912 4251 2015 6211 2960 7280 8533 6463 507 9965 2894 9739 3621 8389 2688 6119 1167 4776 184 2177 4602 7514 4610 8271 9747 3697 782 5143 8983 5493 3669 1608
46
9768 7645 7064 4082 5955 1478 4131 5624 9946 8290 6799 1721 9483 9554 5162 5 9417 3255 4991 4524 3130 7374 3137 7360 2044 3891 6178 8205 3605 3654 7124 9240 1373 2155 2506 3998 2908 7684 2216 4992 7874 5078 4235 4574 1799 1821
61
4467 6826 9130 9845 5876 7702 3596 1176 1184 3293 4690 7002 2501 8848 4889 7839 3320 9188 8120 9686 1936 3465 9740 2648 6227 9289 8773 8634 8889 4931 3518 9752 8492 3678 3452 6153 3587 8504 9656 8999 7417 2889 9931 2695 2045 6379 5123 4635 2898 595 1285 7752 700 3089 3508 1196 483 4295 6082 4471 2636
43
2153 2587 6656 4499 6409 2503 3248 9381 1614 1403 5683 8023 1218 6728 8062 3177 4581 1013 1945 1435 7241 6361 6254 1943 3016 9352 1840 1155 6819 8616 5577 310 9473 2816 9732 2629 3885 4027 5262 9138 6208 2921 9314
87
3764 9429 5458 1965 9451 6690 5476 9532 3258 1671 6798 1222 6199 3603 3662 6477 6801 764 7782 1439 5704 4487 7329 2597 6804 3536 4442 4217 9617 8555 7446 9574 1247 8072 9595 8132 359 6015 23 7551 4747 281 3876 1984 7478 6715 6957 2466 4790 9849 3856 6798 1012 3566 2674 2301 6132 6899 7452 8930 249 9969 6195 7344 5307 6963 5201 3467 7344 7266 2380 9333 2768 6063 3403 5352 1004 8886 9879 5312 6484 9235 6690 5144 2056 3387 3922
90
6779 748 2484 825 6969 9476 6502 4426 1103 4387 7205 7283 5128 7257 7555 9734 6141 5904 6972 2001 9723 6432 4929 7908 4652 9966 5256 1281 5339 4007 1821 4090 1882 6715 5654 9967 256 2998 26 840 9737 1173 1017 9188 3576 8481 5069 4721 5814 3782 4311 4327 4075 3485 3529 3461 3658 520 3997 7304 1069 2600 1870 3366 4178 9733 1452 2746 5914 7355 736 734 8157 22 5112 2101 4050 4840 3948 7839 1608 5650 8438 8278 4291 2269 8573 6759 1031 9702
33
1964 8408 4743 950 4291 3024 9415 3618 2711 7874 8291 7671 2269 5316 9598 2965 4290 8748 952 4385 7061 7055 212 5557 4710 6933 8338 1327 3748 6904 7051 9095 9718
59
4385 5372 4483 8620 8121 7140 4809 1703 2282 467 1904 8550 1019 8553 9904 4131 5740 4404 9429 7553 8545 5877 8527 7572 4924 2510 5671 4268 5632 286 7568 3935 7067 6597 2640 2850 6896 2533 1210 3164 668 6953 3907 7292 3955 4847 5924 8681 6927 8285 1082 6270 8124 6308 8467 2358 4839 9942 9978
15
6329 3477 5279 852 6450 2053 7904 868 4808 2561 9934 2585 5656 1370 8210
71
4087 3203 9235 6540 4215 3842 9919 292 6508 7839 2138 9592 909 8707 1152 2696 8705 3700 4898 6713 1386 1597 2041 5923 1310 8181 422 4916 5701 8701 1317 6250 2667 8505 1521 9826 3750 2772 782 9193 517 3793 2765 7041 7521 74 1019 9652 4630 14 5866 9667 5873 587 8585 9349 5519 4970 3614 5248 5383 7164 5994 8802 8678 2923 9672 8251 9070 3103 2740
26
3054 4298 6421 7485 4059 8955 7211 4991 9170 52 3447 6437 801 7409 5378 475 2913 8796 4953 7643 3177 7823 2641 4616 2314 5152
22
327 7323 7000 5645 3580 3303 7320 3374 2824 4513 4715 7979 686 6765 327 9497 3496 7856 6006 9327 5963 1966
22
4816 484 7212 4595 1628 2808 8146 1888 5526 6576 1363 9279 2773 6539 2750 7571 2211 1008 4328 5226 7353 303
38
9504 209 6600 9541 8088 1902 1210 7537 3194 136 2692 2256 1575 4582 6137 2982 3735 5735 9942 5590 1606 4794 8888 1110 1774 1126 9795 2740 7890 9942 8367 7247 5476 4955 5467 7983 3027 8530
97
5192 6701 3685 6509 1839 1992 9102 8896 9254 680 7168 9468 1564 5015 3647 4664 2117 1691 8959 1265 1555 9919 2514 8494 1133 1468 7216 9629 8481 4635 9950 6670 778 6588 2039 5977 3330 1377 6558 3909 1891 4863 9681 616 2216 1885 775 1185 9417 9555 9670 5736 773 381 1591 5444 4699 7713 7908 9878 9574 9876 3309 9356 9099 1255 8477 7839 1313 3501 5490 2663 2063 9211 6827 6510 9482 6336 2808 2107 7487 845 6579 7268 1470 1953 5071 8226 1216 1682 859 9456 7014 6669 1001 2833 9954
86
5324 1457 4060 299 9304 4351 7656 2823 9169 4877 1318 461 1747 9183 7506 1686 9042 6974 2789 345 1646 2218 9431 27 12 543 603 4100 71 4734 604 8147 5236 9891 7554 6586 837 3118 1700 9858 9636 8928 2088 8378 2167 8511 495 1707 9745 5269 839 2877 4673 7500 7981 3491 9266 5765 8171 6385 6365 926 9489 633 9086 9160 1951 7312 9778 3463 288 1557 7108 6841 4843 664 737 2842 8637 5074 7527 4387 2751 9435 6958 1345
43
9714 1040 2065 1580 9483 3443 5493 6243 393 7503 8193 6916 3944 8165 930 9885 6504 8482 5714 6551 9262 5067 5297 5532 3361 8889 431 5691 7038 8824 5568 7383 384 2708 7037 3496 1153 828 3781 8191 1691 1232 727
24
1290 1590 7701 7248 3105 424 4154 8514 2569 7546 7573 6487 2212 928 1781 4887 5789 4060 8845 4738 6905 8121 2292 2679
69
4814 7288 4965 8385 9259 3097 8611 7524 6203 4617 8549 3660 3 4872 2566 6828 2221 9401 9447 6672 6502 1659 5285 3175 716 4945 2629 510 5496 6824 7783 1315 4188 5928 7642 6752 4591 8574 3056 1582 3467 1086 2774 7822 2524 5711 4081 1621 2713 2139 4433 5935 928 6524 5586 8087 4986 3693 5484 4057 8389 3077 6866 2898 864 1517 2579 1847 8454
47
8674 9393 295 86 6188 5337 9862 1840 7639 8776 3435 1893 5024 134 7887 9452 7220 5548 2176 1664 6054 4553 9606 2841 5363 9879 1440 3260 7253 9054 3496 6350 4863 6810 4873 1053 7254 8699 9264 5287 3567 6412 1174 2896 1231 1222 6355
36
2467 4372 6276 8800 6159 560 5796 4625 8384 4373 6243 3210 1173 2480 9326 7045 3856 3769 1339 1867 1954 5453 7278 4889 5366 382 103 1678 372 2480 8855 7230 5804 4348 2244 2250
57
8994 9030 4043 2691 5077 1680 411 1997 2611 1936 7831 7299 1953 9951 1917 8984 4882 295 6824 7995 5027 7764 3745 1117 8722 9641 8485 1659 6051 9153 7737 9682 5773 5229 9440 5998 1773 3241 2712 4384 7105 986 6131 1191 5616 6412 1466 5403 2900 227 7839 7959 632 4974 8845 5328 9106
86
116 4332 268 4782 9187 3709 4215 8500 1229 9006 6110 4148 6314 3641 5327 4605 324 9836 5338 1273 8830 4908 8697 3599 7683 4015 5140 8091 8894 3714 9860 7731 6317 4043 9862 7589 2777 5961 5230 5961 148 2451 8531 4069 8875 3719 3675 9643 8275 5718 2980 9524 7601 2495 357 9305 1433 9116 6186 4687 5803 253 4796 5571 6184 9478 3815 9931 9015 3069 8363 7370 2953 5846 5195 7601 4580 8181 5595 55 5806 3890 3788 2781 3852 1732
4
8485 2301 8258 727
50
4035 205 6562 7052 8146 6938 419 2013 8620 8689 6107 6849 2126 8829 5307 3462 2090 8121 5793 2764 7044 9231 5784 8220 8796 2375 9608 5487 8841 292 8330 3075 2928 3929 2845 4494 7197 9206 496 4334 3090 5061 238 5091 1062 6133 7217 7370 5252 1965
78
667 4197 3741 4264 5101 235 9786 6552 1201 7005 8921 2939 2442 1703 1361 3573 5645 871 3790 7206 4268 3648 9728 6319 46 4357 3711 4278 4999 6581 705 5512 7294 5889 4536 2075 7243 3513 7020 6572 6272 8698 3172 7309 475 6421 2834 436 8552 8048 5590 7362 8706 5731 5832 1364 8436 7081 6214 5434 8514 5061 8139 9924 2276 6981 7217 8576 3510 1150 817 2234 9798 4538 9762 347 8641 6907
61
4476 9464 6054 3644 2014 2392 8032 2743 1729 7190 1272 7712 4685 1636 6284 1207 1511 8038 1262 8113 1092 1772 4163 4506 9071 3386 100 6632 5824 6345 5566 9720 431 8720 5116 9875 7358 35 9450 7009 3232 7489 6015 8282 5232 9460 4650 1054 2816 3994 7695 4423 8717 9505 6932 5472 6700 5151 7378 3565 3920
42
7066 3377 289 2012 3675 7684 2290 451 1994 9569 8820 835 7018 1467 3373 1031 7108 2207 8938 6299 339 685 5828 7192 7608 8236 1200 4469 3458 8838 5996 215 2488 5062 6322 524 7967 9179 9247 4357 1640 9329
56
4322 2373 9508 735 9831 2387 424 571 8142 9903 2530 7538 5929 2060 7085 3411 819 292 7494 2282 4523 4760 9894 2728 6593 606 5990 1669 1670 7590 1663 3973 655 7616 5208 4199 1226 8015 7786 142 7165 2798 1636 2736 6450 8684 2613 4566 9721 17 7513 6426 1300 7668 1841 6997
86
8535 8837 5275 4774 251 1454 8604 3185 2643 2452 2900 7967 8378 9712 1408 5405 487 708 5052 2253 3174 521 6475 7316 8842 8344 30 8019 5888 8701 4489 4009 8452 7167 6689 7890 5531 715 7284 9669 6890 3373 349 9515 8486 3426 6091 9532 7451 5985 1919 4223 3284 9617 2744 7875 9675 3613 762 6527 4162 6862 6315 3333 5111 6281 3456 5437 1115 6820 1020 7216 5450 7686 5586 9088 8733 8522 2304 4338 8122 7529 4114 8551 2835 9744
61
1029 8259 4617 9004 6812 5312 5288 6394 3908 3787 228 490 2574 2655 4591 6912 1187 7121 4977 1852 8185 5841 3133 757 3677 2739 591 1549 8660 4563 9731 5633 642 2583 3005 5737 6034 1009 6593 9399 6622 2495 723 1079 9805 1978 2347 467 732 3830 242 2841 1923 424 191 5530 1251 2811 5943 4304 1956
20
8018 2643 1747 6521 1929 7468 5344 9952 6368 4505 1443 5967 8877 5810 7213 4037 5483 5524 6868 3354
18
448 4925 3313 751 5888 19 8394 1949 9789 3932 5203 8691 7074 2184 7148 1090 4870 7046
95
8870 9310 2845 7950 2772 2063 7849 6998 632 283 505 5665 9064 8606 5583 7075 2043 3083 6542 3104 5647 1069 549 3724 7123 7107 962 1483 7217 6582 17 5275 6858 1436 2599 5896 9037 7608 8294 841 295 1088 8649 9965 8488 2290 3790 1745 4429 3112 9307 5934 7262 842 1746 6678 6855 9798 5948 251 5194 6723 7637 1224 9328 1042 3011 8305 6961 7763 5474 4574 9309 5302 25 3726 4801 152 4114 3562 3278 237 2146 7006 6425 1942 1410 7029 4657 3756 1396 6899 8780 6756 2681
67
7339 325 7888 2811 8535 7708 5861 3205 7978 4234 5479 7966 6916 7268 988 9613 4423 1487 2165 9205 2555 5625 2950 6744 4050 6034 356 3452 8053 7211 419 4361 3107 297 2776 1179 1306 6918 4924 2581 6971 125 2756 8833 7315 670 1148 1000 2681 641 1650 600 4166 2066 3890 5183 4968 1785 6000 6666 3066 381 4016 9338 701 5816 5429
91
2256 4507 454 5233 7511 7949 7360 1103 2789 4933 8627 581 4222 6020 8311 7105 4512 3518 1033 9538 2239 2995 5979 4818 1302 7972 9336 8668 5091 4959 483 4735 8872 3563 1559 3333 8698 1321 5515 3674 460 4168 8912 8095 7491 9753 9381 1039 2874 9583 2912 8000 8885 4642 401 3192 9560 2686 8401 27 8349 1222 6252 8252 7839 2560 6362 9114 4828 1489 923 7875 4987 1957 2351 5341 4304 3369 1684 3658 3379 8588 5246 2919 2050 9303 9816 6440 9623 4204 1964
43
742 6047 8577 6209 9841 1336 5071 7982 4011 1061 3230 496 4650 464 7650 6162 554 9790 8441 1003 7146 9907 5217 8909 9473 8131 9677 9726 409 4340 9634 5099 3069 8975 3551 6136 4010 3419 76 8512 331 6990 9010
78
2529 9376 7945 6556 8215 9964 9146 414 5501 6338 3738 2810 1409 7589 3637 9060 3881 464 5801 5311 2747 369 1510 9212 5607 4960 2190 4300 252 5341 7777 9383 3935 3965 1743 7861 2331 8097 6432 5643 6532 6576 1505 554 341 8440 1724 475 8004 7224 4405 3116 6078 3863 8608 3196 6410 292 9828 7022 3971 8698 9438 5338 6979 7893 3933 4492 1868 4656 7049 9388 838 7099 1321 2946 9318 4628
34
988 6789 9707 6900 4608 4523 6223 243 4950 9285 5623 3972 6221 8818 8052 6035 9118 9401 9981 8994 4088 7469 9856 1347 4247 1323 158 5807 8868 7977 9339 3238 954 2205
42
1069 6316 5167 2998 3670 3219 7419 5862 2649 5485 956 6808 6090 8848 1108 9132 7892 5105 4949 3996 6762 1714 9938 1093 6537 9970 3960 6402 8229 5404 6538 4262 1637 3409 9177 3677 48 3445 7089 5734 1335 5260
63
2056 6811 8791 9740 6300 5927 3247 8708 154 6471 5459 2262 5602 8252 4790 989 1269 9281 5387 8357 9246 9895 1557 5736 7530 6537 6992 437 2898 447 5473 9878 8968 4179 4241 2011 2148 5168 7891 7787 6998 4350 2305 1832 9335 501 8871 1857 4258 5181 4581 2711 3177 7608 2475 451 1999 8658 8579 8489 9002 4252 9042
46
8011 1405 717 9248 1476 1197 8757 6094 2452 9472 406 7277 8931 4798 1791 4822 5694 2395 2518 2973 7680 6939 9821 3761 2944 3213 8937 3193 7884 488 5698 2126 6715 6341 7206 6971 1659 8430 1629 5520 3042 6562 7448 9932 2010 3529
48
2828 9191 9744 2839 8724 5921 196 3347 8730 2183 3796 2164 9143 7099 3066 3857 4099 3267 1565 5913 3538 2782 1893 5284 3818 1626 1066 6479 7579 4834 973 7771 5045 6450 111 6836 6229 223 8381 5876 6537 3925 2160 4666 9657 5156 3163 2843
90
6839 9602 4403 8023 8657 2529 5559 1536 9114 7879 921 201 4368 8397 4985 7015 2533 6651 364 1948 6580 8686 9102 2080 3326 8455 5768 484 2239 2603 9835 6507 4296 546 5764 6824 8296 557 688 1043 3627 4652 9110 2565 3436 1422 7900 3089 3327 116 8249 9535 9999 1503 5682 3229 2139 382 2277 6703 6569 6278 5774 8388 4773 1524 1826 2551 2932 2428 9641 1938 3866 3282 3023 6542 6231 3224 8618 3721 5635 5338 1601 1024 9528 6252 3274 4676 8987 631
47
2077 7496 9806 7937 261 546 8242 3398 2895 1058 6529 9285 5506 1250 7307 6890 6048 4653 8823 3525 1134 2058 1084 5448 5990 4031 3740 4698 5069 3300 5193 9910 3864 5900 9377 5353 1346 704 6276 8268 3602 6747 3653 8635 1298 2997 3072
40
4036 9415 8352 9100 4829 3810 5818 416 7251 2196 9463 8806 5941 8686 1431 5506 2879 7582 8625 997 4269 3909 7603 1135 1321 195 5577 3872 3529 1531 3763 2513 2573 2810 7550 2963 8823 7685 8940 8779
18
5928 6607 8844 624 2606 9900 8641 791 8253 3719 5746 8306 7307 5786 8330 2459 4033 2059
64
1398 760 3167 400 427 7855 9845 308 8525 8655 3754 1027 9892 2850 6633 8881 8508 3070 3056 7660 3156 6172 9124 8128 9083 7089 7187 3501 5499 9364 5146 2721 4691 609 2777 1254 6515 6770 8602 3504 51 3966 4502 7107 3522 2439 8264 2620 9909 8535 272 8148 9711 8213 9189 5268 353 3741 9015 4148 6034 6625 6318 2476
100
2581 8844 3561 9642 5392 7497 1771 4784 1130 2902 6505 8378 603 7141 5837 297 6914 7214 1007 9824 931 8758 1233 8078 3180 4014 7966 3948 9605 1843 6162 6659 3160 6090 6949 6936 1157 5054 5726 8632 1883 5782 4919 7425 3979 817 2547 9335 1769 2894 2404 8278 8454 1066 9837 4055 2468 5834 8636 772 3910 4271 3042 3828 8238 5284 6850 1261 1079 7192 815 639 7838 7812 8027 5514 5478 6339 1934 9831 2314 3209 348 4720 9167 319 7490 9092 7627 2075 2460 4392 7212 298 4455 7822 8705 614 9528 7983
25
8532 6519 6470 5324 9605 2017 4771 2822 2001 941 6392 8895 5677 301 4144 8451 4714 7734 9645 9723 9001 5195 8727 4419 8059
36
4905 8002 9205 6353 2415 6777 1703 6079 5373 3677 5097 2350 1030 3421 6494 1349 5438 1695 1184 1111 6095 8612 7539 2902 3353 5850 1184 4076 8538 8027 7714 6973 7210 7404 9514 4817
26
9688 2673 3058 5349 2844 5481 5787 7436 8055 5850 7950 146 8009 3129 1433 1829 9572 5150 8609 4006 1086 4496 471 3575 5675 7073
93
7816 4577 7784 9414 1049 4604 1989 802 3272 169 4695 4158 8107 2670 161 6225 3883 4010 1596 3626 1993 5978 8967 2802 9792 3950 2677 3054 6704 2343 4856 1432 6728 9920 2146 9549 6229 719 9720 5079 9257 5291 3820 3449 6645 6360 4963 1264 1543 4473 5976 5766 4948 964 8738 6418 5021 5227 2414 4965 5187 2168 8494 7142 5680 3583 6327 3816 3631 5916 300 6792 789 9053 6964 7071 7396 5156 5078 1976 9284 8373 5726 6978 8046 1292 5774 546 6093 2749 141 6498 7662
76
9648 3470 4792 8164 861 8436 9791 9955 7415 3453 3885 7215 6994 8021 3116 2606 1419 7150 3100 2912 5768 379 5560 1014 6609 1484 7913 9248 9254 941 5394 7139 5454 7225 7298 7243 7194 4525 3603 96 4204 1337 2442 1550 8284 7817 6196 1618 936 4460 8408 4847 5309 4085 9186 3029 7634 2958 7478 6282 3695 6828 5375 14 6630 2876 6312 8752 9482 1078 2565 7888 7846 5905 3521 1487
13
6436 3000 1604 4303 2043 4958 1078 8627 6004 3967 1933 408 1945
28
6478 9111 6197 2067 1058 7097 3069 6273 6495 6917 5281 8798 889 9793 1030 4556 9789 3184 6729 6372 1560 7136 7227 1602 1366 4022 8288 4251
22
1763 4445 832 6525 6471 3829 8602 2430 7968 3511 7499 1641 3003 5376 1601 260 3870 7547 7093 3412 852 4095
60
6733 8570 3610 3476 9205 3459 7622 3749 8089 189 5296 902 6773 5986 6254 4687 700 7205 1289 7528 867 6423 878 9193 6973 5736 3419 3073 1771 4003 9052 9260 2894 1043 8341 990 4151 4186 5341 8440 4590 1889 2335 2631 9490 113 2241 2110 206 3054 8998 7857 8723 7911 6819 2323 341 9410 643 9960
4
3828 3226 1758 8859
10
5149 5463 9117 2587 668 1127 1321 695 4826 2111
66
1512 6415 7553 5684 6136 6958 7339 6086 6800 881 1929 4539 4693 9789 3304 9234 2724 3661 8897 1971 3792 3556 3154 4785 9459 9122 7772 8652 3745 9664 7583 8622 623 8365 4390 5063 206 439 1126 4799 9817 4974 5543 5010 6291 7580 2715 8914 8099 2349 6892 4603 5825 7805 4372 4330 9627 7886 2491 398 9159 6068 713 1727 287 1006
74
6930 5590 7730 1843 8498 7606 6330 6669 2508 7835 2283 5938 8515 9157 3896 4805 4055 311 7552 4273 6497 3848 3075 9232 83 1408 4129 8636 8012 3366 4691 1842 6687 5265 4387 4095 9560 7526 6946 5465 8226 7843 5293 9740 8398 7018 3094 5446 8525 5134 542 6131 9978 4160 3376 7888 658 514 8383 4865 162 3887 176 5605 6402 5835 7325 8602 6736 6140 4244 1451 2805 2231
95
2372 2335 7845 7125 1807 9638 1587 3928 5527 5156 9554 8552 4321 744 8144 1232 5005 5289 4536 2306 5499 7808 3594 8772 2630 1635 540 294 8705 5798 6604 2587 478 9544 7441 1751 9904 4714 9448 4183 7123 4511 8572 2939 5311 3824 1232 6292 6671 2663 7901 8474 8360 5462 1689 8431 6684 3459 9270 3515 4929 7140 9314 6131 2981 5692 7819 5233 205 7667 6430 3672 663 4402 2589 5262 81 5054 8138 9815 431 2213 6355 3914 8824 4953 4437 519 5472 8231 7370 3955 9213 7923 4893
28
4820 7278 7517 885 7063 9047 8439 8574 4305 1565 2762 6352 5627 1822 3227 6413 1161 3932 5672 3640 1418 7368 6520 366 2586 9911 1228 923
86
243 1620 9261 1172 3420 3816 681 9935 632 3000 7064 473 6730 9793 1463 6320 6180 832 9043 6976 7607 2217 878 5038 5589 1423 9748 1865 5162 7488 448 8723 65 1034 7731 7441 8613 6415 6450 1341 841 1379 703 660 1658 7778 6385 9458 8271 5259 4028 5859 6412 9727 2568 8379 7322 9323 5485 9155 185 143 4616 8629 5726 1009 7118 6835 3698 642 3186 4271 8973 5854 5456 7016 3764 265 1863 1398 4957 2174 2007 2791 5670 970
