100
63
7020 1154 3054 2802 5463 9118 3638 6101 2714 1357 5876 2538 5819 7568 5896 3494 4102 801 5665 1509 9523 2672 7790 1932 2516 950 3821 1059 3834 8787 9340 8856 891 4117 7418 6835 782 9306 9435 2907 9952 5205 1824 9995 5231 1435 4259 3877 4835 7444 5764 7519 5169 3878 122 1969 7266 401 2440 1959 5558 6155 5074
54
9149 1872 3749 7281 1266 8798 2419 3165 2130 5783 7884 3519 2432 1526 9801 5959 2752 1222 2654 2204 8749 8203 67 248 5356 732 9662 6577 4586 8104 2639 1208 3628 950 6923 2457 2864 2270 1881 460 9963 8412 4776 4283 4445 5655 7048 9363 8456 4002 9222 6156 7910 6003
67
1695 4599 9294 7921 925 6625 295 1494 246 8428 3230 2466 9967 219 9587 6675 283 1059 7023 3414 9477 2025 1129 9410 6603 6817 3120 6603 7431 3738 3634 9056 2032 9741 3279 3402 4602 3657 4362 4112 1183 9298 2371 6538 6254 8003 4847 1954 8960 9148 1849 4151 8444 7259 2715 4752 8286 5737 783 6311 8051 5021 4472 4491 360 5763 3206
73
4351 1109 8241 1335 6587 8049 3982 1495 76 1763 2195 2608 5475 543 2785 7385 4163 8108 4972 6652 4744 792 8304 5875 8231 9065 4163 7232 3245 308 183 8035 7726 7311 7604 8527 3779 1770 9244 795 8474 1490 136 89 7151 3447 184 5865 3772 86 8674 3445 2338 3825 7630 7105 2073 7343 8552 4796 8492 7216 9358 9526 1458 873 7981 2079 9470 2512 4848 5166 3595
86
5575 6106 9829 3968 1400 6458 6516 3519 3943 5163 1276 8810 3618 99 6653 4679 7462 1969 25 145 3744 8275 7067 1687 8153 8640 1026 7454 8971 4727 5541 7392 4739 8833 9136 7478 8052 3786 8718 5529 7666 3982 2904 285 7200 6944 8823 8847 1222 7344 1350 6021 1654 9705 378 5638 3325 9554 62 3493 3512 3412 639 1090 8346 6103 9835 9462 4606 7313 7701 6958 3152 5066 4764 7640 1049 3727 7344 2095 7233 3608 2186 3042 7674 9658
66
3007 974 9599 1599 1774 5983 4306 6203 4470 1799 9471 7662 8692 2022 6028 4292 4157 3767 3914 2985 7848 6950 1535 2409 6411 7105 480 828 5092 3819 6532 1194 8142 2048 9914 6929 7196 3374 5103 7018 5437 7958 9417 7895 6960 4936 9505 3616 4033 8284 5399 6027 9128 280 8021 9434 580 9462 9510 8127 8423 8370 2871 9904 18 8033
77
7934 5871 8199 862 759 6070 7695 2619 3423 6015 6533 8656 9347 1996 2530 4072 2819 988 2012 6109 1241 7150 9926 234 8920 5155 2684 5172 5815 2685 2108 7955 323 5870 6832 2736 9238 9839 2989 4434 6686 2088 9189 891 5163 7207 5907 4543 9729 9557 9625 2080 5138 7682 3347 2173 2087 938 4097 9716 1385 4258 5805 2146 1176 979 2773 5434 3635 3702 5717 3289 2302 1344 4103 5 240
89
2460 8138 7831 5940 3777 4058 905 4665 7407 7617 4250 113 8559 3149 8643 6338 6281 7516 7572 8250 8787 6241 8488 8571 2385 5747 6101 8570 8396 8093 6818 4889 1905 1752 7968 7851 8052 9920 2302 639 8638 2177 9938 295 1836 319 2019 5053 4596 3706 25 5710 4971 1865 3759 7032 6719 2931 1252 9006 9180 924 9849 6115 6795 2603 2881 6308 8272 2260 9288 1262 9421 4119 1350 4013 7566 5952 2121 2794 1488 2957 7787 8672 3255 7375 5244 625 4386
97
8108 2618 2655 3244 7006 5629 7860 9873 6783 663 3674 7952 883 8699 5653 3070 3388 9413 1348 2510 8590 9143 2057 1037 7764 8984 1926 9773 4129 1410 4854 7536 8851 2839 4578 3120 4893 2735 4461 9533 3503 4552 1391 4947 3197 5968 3154 8553 3710 7706 2360 6758 5935 9918 7775 146 8759 12 4895 8590 4840 3613 5992 8014 5935 6590 7159 4753 2748 1840 2519 2355 8039 5573 2502 9473 9325 9026 1327 6950 18 1333 7374 7212 130 356 3268 5628 1727 1220 1451 1814 3403 8313 6192 549 7176
74
9643 7809 1653 8486 8882 5815 3583 1063 2284 2302 411 623 4426 5444 1066 7608 2013 5948 7873 4940 5084 5733 1836 9720 3908 9520 3203 6274 4608 4162 3707 3160 5755 6394 4898 302 5031 2655 3821 7920 700 9252 1698 4980 2965 6825 1583 2380 701 2549 6523 8251 8037 7695 5988 7587 2542 9434 879 5001 3598 218 3185 432 8586 8014 6705 677 340 8519 9224 3827 2984 8026
67
2501 1204 6639 9777 5248 6783 4735 1104 702 1633 662 107 1789 5833 2626 7581 9883 7535 6841 9499 7281 1150 2468 192 4561 3534 7662 4287 643 3884 2983 2605 9727 1990 8915 2483 1843 5090 3067 193 6953 3972 2763 2434 692 154 8792 754 7860 606 9156 6621 5326 4369 3927 7482 7927 8690 1581 208 8095 8738 9637 2095 2568 9331 7397
68
1187 7383 5509 4118 4827 6053 4014 571 4117 4739 7986 1531 5012 8249 9976 2582 3743 6445 7052 1497 212 9677 1112 6518 1532 5690 2891 4021 9375 4717 8849 5090 8688 7519 5313 1052 3259 7250 9037 8904 2209 6592 2396 8321 2068 2334 1331 6991 3470 3773 1140 1511 5454 4257 4376 43 1228 4139 7408 3264 9147 3595 3099 7581 867 1479 7412 9222
66
5544 5019 6413 2071 2366 3690 6573 3860 6578 8687 6291 6454 2042 3993 7286 9272 5713 4680 3073 4920 8299 8826 7772 6223 4452 6431 9275 3450 1201 955 9508 3271 2279 5156 3006 8335 5063 6928 3450 7852 9226 3510 4449 2525 5717 5412 1785 1804 3112 7866 2264 1694 6097 6380 8674 3321 1266 3663 7773 879 2530 7357 6224 1654 2009 6107
96
3501 122 3535 4854 5323 2563 6857 68 148 9940 1059 9371 3014 6781 1801 8210 1136 5918 2446 6209 6906 9177 8086 46 4142 6492 2054 2103 7746 5782 3272 1935 8207 5537 2620 1188 4832 4201 7607 6858 7758 2476 1143 5907 3176 5117 8298 1482 4059 4382 3372 306 2004 1699 6823 1802 2612 6348 7795 6049 5950 2296 690 979 8766 7352 3380 8466 4999 1108 8431 7543 794 1526 5449 672 9819 4439 2235 8872 2151 2118 3188 251 1223 2430 6320 2496 8655 3123 7075 1467 6839 9481 2490 5790
72
5010 2815 6037 2487 3269 6416 8296 4318 4167 186 3260 3019 6818 8524 8853 5640 7658 5593 7955 8335 1897 5475 7555 6767 6713 8611 4393 523 9067 3657 1087 3531 7747 4948 1049 1541 7666 9342 1494 2052 9153 3534 4587 2745 3594 3136 8084 8164 2099 4157 5900 9123 3289 5296 5247 5642 6650 3030 1163 3562 2402 3339 2091 139 1149 1340 6174 3633 9243 7804 1438 2098
53
3203 1218 7185 9539 1991 4417 138 9352 9246 5101 8142 5340 9199 938 9451 3319 7331 1751 3065 852 6286 4190 8909 8904 463 4761 708 82 9636 2120 2167 8895 639 6145 9961 6357 7057 4464 2115 8016 9678 6106 8515 6034 8546 2622 5755 492 1688 5733 4034 1399 162
90
2331 2271 5749 9215 2353 3719 8634 5357 1564 3015 2524 7380 7433 5844 9843 2546 4099 5749 4708 4532 2150 1100 8158 8973 6921 983 9832 6221 1260 1790 6169 4937 1190 5733 2589 5495 766 9682 266 527 8544 2463 4491 8225 3258 4462 7772 4824 2932 4234 6350 4439 9728 8482 1076 4504 3056 3659 9082 4317 2378 9856 7273 3806 5536 4489 1480 8644 9142 1550 5537 5013 7277 8716 2607 4561 7440 2458 3532 9731 5898 7950 2901 8136 7028 5272 7843 9895 4167 728
67
6667 9059 8804 7739 9003 1194 6717 3705 2025 6584 8449 2526 6771 2905 6732 4825 3313 8654 8751 3479 1169 3300 3259 3700 4021 3828 6507 4452 5999 5382 5340 9890 6535 1939 7325 490 7781 9310 2112 7918 939 5775 9879 712 5572 6857 8951 7332 9795 3957 5393 9060 2552 2118 2381 1333 1833 2962 2765 51 1415 3039 1686 7466 5365 2488 2929
94
3002 798 4883 6176 3353 1197 6388 8329 2612 9478 2721 3273 8341 7177 9218 1677 2199 7748 8534 967 1599 1193 3057 2318 5271 5133 9015 932 5173 9438 3716 3664 5623 7783 5197 7252 9512 9687 9619 3953 7769 2086 5547 7002 6310 8638 6916 3153 1376 1971 9401 3040 1483 2706 7541 2186 149 9487 5407 6775 8044 423 2303 267 6355 9807 4789 2557 2596 4118 487 422 34 4038 7560 1473 1209 4586 3458 5526 4582 6520 2539 4889 5544 9340 6105 1165 1474 1363 2749 1158 132 4114
50
4665 5356 6568 1790 7554 4905 1430 1820 639 3200 2000 7705 8641 6411 5856 1587 9277 9807 7188 1202 5043 6547 6938 5844 1610 9730 4093 8243 4116 8838 9833 4246 4935 4851 5647 9443 9333 7516 3920 498 8059 8595 3840 7979 1608 5899 5419 4514 4989 9635
85
9707 5517 5726 2431 4412 7041 5046 9899 4455 3249 7067 7393 3413 7344 384 6054 8814 6919 418 7488 2492 4701 7339 294 7520 5533 1782 7887 2810 1931 5077 3968 3866 435 9839 1923 3392 1058 6806 9103 2305 9939 7000 1641 7863 7098 163 6087 7952 7127 9226 3110 2263 551 6629 7052 8341 9817 2919 9291 9981 6821 8805 5307 8546 5042 6477 2858 5655 8267 3994 5171 764 3127 9000 1278 6276 2629 5866 3459 9610 4367 7998 537 5904
84
9890 3346 4744 9937 1396 9105 477 8684 4204 9560 9698 414 8265 7237 8867 6392 5973 4581 2671 9639 1538 6887 5269 5734 736 4753 115 8402 2443 6322 9119 85 1582 4556 9726 3175 3969 7936 2318 4690 4389 430 9022 8301 8888 6396 3703 7748 1638 1210 5223 7347 6355 9651 2127 4847 9961 5161 7636 1990 2110 7278 1881 7157 4102 6417 6354 1596 6359 5621 3382 6252 1883 9441 1202 4913 9440 7663 765 2332 1873 4180 8519 9924
91
8359 365 9751 4034 3825 1275 6798 1657 4649 4397 678 4486 4706 5282 717 4506 2744 3637 1011 1745 5178 6564 5510 2544 5045 9817 5911 9717 927 6444 593 5245 4753 7626 7410 7326 3511 3656 3262 7693 6275 2153 1466 1013 5160 7809 4152 3461 5118 344 4871 2984 9606 7767 3148 13 3577 6425 790 304 9011 1028 6808 8601 8467 5718 5504 1543 7873 8580 9274 4457 8859 3252 4776 2985 8598 9539 9045 8688 2830 8541 4420 5651 2217 7747 7398 7886 8229 7544 9951
65
5007 4043 7553 2393 8782 9723 6137 8724 2730 9354 8133 4626 658 4480 8775 8272 7428 9351 8661 7461 4226 1171 592 5673 9776 2933 2974 7355 8066 3091 7408 2681 3677 7471 4610 6418 7796 9043 3238 2205 241 6678 6703 2163 1370 4228 6173 9754 425 3227 7492 6272 1231 4977 6687 427 3830 695 7802 2746 639 1311 4530 1006 5178
94
1365 4598 1271 1350 3858 956 8147 1552 1929 9815 4728 338 6267 233 7033 9435 1905 8467 488 6532 8757 2848 9276 8011 2308 2774 3950 8279 9702 8931 4065 1614 9608 1334 9571 524 1157 9698 3664 9399 9735 1895 5253 4051 1453 1665 8019 3482 6991 3050 5811 4341 1783 4573 834 2429 3446 8032 4479 2616 3953 2695 3375 2773 6928 4470 8731 9275 3463 9120 4683 9546 3802 9215 7468 2506 3393 9331 201 6814 8465 5849 5906 2584 3957 9894 6703 2909 6240 4927 6975 5601 3616 3311
69
649 473 9153 2518 8929 2446 73 1197 2616 9212 3584 1604 3541 3371 4800 5964 9716 5186 2046 7048 3211 2232 8380 6696 1316 7606 8646 6354 2103 6755 8748 8073 2818 7607 3221 5482 684 2380 5899 5924 1094 8737 8102 3809 7127 9753 939 7306 4001 2477 9044 7881 1956 1517 3839 531 4285 614 1317 3342 4414 4850 4390 5042 3713 4383 3222 2884 6330
65
7361 4661 3356 7887 1852 9079 835 5977 2780 6254 7443 4439 1140 9314 5358 68 2353 153 4217 8466 7190 102 2641 5623 3530 4063 1878 3000 1447 4020 6920 2880 6973 1685 4222 9017 4786 647 4162 4591 8080 8088 4864 8031 1507 2573 8065 1119 4578 9887 3493 5889 3212 1376 4502 5995 892 9366 310 2732 2114 9682 3858 8753 5936
95
2536 5545 8585 4835 2566 3878 8505 7189 7250 1870 5110 7102 1368 200 2392 2761 8221 9618 5338 3365 3930 1569 9933 2945 87 6915 861 6283 5384 741 4818 3764 6933 6788 9417 2167 7520 1245 4715 632 5121 6104 7164 6778 2151 5250 757 9464 1817 6690 430 7976 5232 2887 1957 946 466 363 3024 4018 7976 9863 2534 3182 2404 9155 2774 5546 5103 9312 7332 822 5867 640 8024 3045 4108 1662 8190 2339 9401 2576 7065 74 8477 6368 6323 7250 6286 6438 6908 2775 9241 2472 4348
75
6769 9094 3348 3503 2489 483 9719 9797 2119 4208 3548 1250 4731 9873 6105 6592 8392 8918 7242 8838 9442 1116 4507 9616 9493 6275 2079 2470 3410 5563 4661 7534 9642 6496 1506 5824 2863 8659 5137 2202 1285 1869 6790 7227 5426 5580 2904 3963 1055 8099 4657 7394 3460 9819 1893 9054 4167 7067 5294 4540 9995 2722 5429 5557 9088 1356 9762 6536 7204 7394 8528 7229 7669 8198 3161
71
6670 1514 9339 9268 6966 2639 9933 8040 9799 1010 6527 803 905 5300 394 6661 3576 9445 3073 6663 5423 8896 6809 882 5622 1536 739 1134 3975 3858 2390 3721 4812 5758 2304 2743 3126 2390 4084 1084 35 8252 8881 1089 372 8903 996 935 64 6572 4509 7421 8427 426 1177 2407 1913 4485 7825 4601 1814 3931 2397 3105 870 4789 2283 2783 7408 4240 9200
67
9525 2519 1244 5730 1284 9030 3805 4893 9408 4820 7798 8237 3763 6514 6440 1159 778 6650 2322 384 3289 1531 8718 9270 1437 6313 3049 4266 4330 1149 763 1487 5584 9559 3357 3768 4937 1307 5067 8728 7288 8888 1761 2352 7326 236 6864 4635 8425 832 8777 2696 956 5096 7517 5233 1036 1025 2612 45 5171 2568 7593 3168 8343 9030 746
73
2138 8427 4496 7585 8577 2302 2442 4436 4647 8211 9312 1782 6671 2523 1147 3333 2897 9120 6083 4495 6783 2850 8059 1154 7090 4277 4435 4669 2530 9304 3875 8902 1128 3058 4370 9771 8017 2299 9347 5098 3039 6248 6070 7616 9117 6082 8659 7262 5588 9811 7503 6450 7857 2129 8246 4586 5403 3559 3818 2857 7097 5326 9804 8859 4009 746 142 9708 463 9942 1976 1268 7255
88
1352 4253 7198 5768 9111 6310 8212 3274 9018 9922 9199 2605 596 8448 7525 280 9795 6287 829 5093 8345 3386 1299 6847 1098 6591 9059 3066 4176 6784 4790 8439 4628 1882 2740 2864 7130 6082 5862 2516 3436 2210 93 7847 162 8982 7180 1682 8673 1789 1262 2075 726 2606 5001 8560 4341 928 9908 5431 4873 4201 1439 3523 4059 1439 7888 9200 7498 8813 5477 9978 8726 9027 5520 5317 895 9575 7102 3778 5269 9189 6296 4903 5161 7551 326 8249
80
9769 7307 5132 1264 9960 7144 1454 4288 5628 8173 1973 6747 8164 8646 6593 3296 3957 5740 3452 190 1331 3372 3738 8526 7759 801 3353 4680 7694 7669 9264 9734 1041 491 7727 7552 5063 4501 2388 2874 7432 1763 3684 1302 7149 2897 3554 8878 7107 233 8085 405 153 601 9149 7577 9107 5585 2573 7801 521 1873 5464 172 7030 8194 8217 1070 2548 7084 8343 1726 206 9304 8105 3859 5684 1162 1053 1899
89
7518 221 2806 3266 466 5742 3951 5088 4529 6407 5709 6714 6920 7728 1907 4295 8127 7122 8634 1295 5202 2771 1404 5642 313 1356 6790 1949 8034 7036 832 5780 3113 6057 9933 3842 7012 9053 9984 9109 5807 2287 8659 1424 815 4086 3044 6092 4824 6757 8575 3424 7156 411 3882 7883 2012 6133 2321 8696 1383 6226 8351 5782 630 9262 2681 3354 4355 4138 8077 7635 1906 3433 7200 6355 8257 2135 9112 2709 7439 7339 7913 3627 8213 3790 804 225 1096
98
7035 3029 4592 3290 2618 704 5675 5348 8743 1308 8334 7574 6465 8643 4336 2706 1364 5864 2576 7333 2214 2763 7629 3492 2875 4375 1434 9373 248 3744 4357 3832 9245 4524 3741 7871 396 2630 4536 1203 2337 7828 3120 4268 4784 3186 8247 438 8683 5149 7335 265 2841 9602 473 7322 2552 3370 6977 9904 4704 9893 5921 257 6898 9977 154 681 356 9181 9405 634 1266 8330 2062 9865 9593 4448 3172 3409 6397 4487 7947 7742 1745 6707 9571 2648 9380 5743 6936 5285 1365 3803 1089 9556 900 51
89
9152 18 9832 5348 6543 2914 9060 8208 9799 9474 213 7090 6449 2009 5269 6450 4747 8159 8514 773 9782 8467 3825 3001 6796 4380 8598 6994 4729 4978 332 4492 5576 4230 6528 6370 8333 7166 5392 4409 8630 3172 8503 7155 2797 3745 946 3911 799 5387 7171 5621 5234 2085 4326 1339 4430 4793 341 514 8877 5049 4932 7074 4952 5312 2666 1372 6266 3225 5912 4970 130 7798 1291 3602 9222 6965 3904 2189 8113 1036 57 1227 1922 1610 7047 8321 7654
86
2075 4119 2090 4840 2073 8819 6371 8630 9188 1180 8018 1084 7199 7913 4570 9996 2909 9614 2514 3319 1535 5497 4296 4151 5364 1821 6353 6094 2309 1013 7469 8859 2620 26 1117 6205 24 8534 6445 2320 3263 7667 3213 8549 6947 1608 2655 647 2773 5087 3255 9041 3381 4840 448 137 9046 9299 7430 1760 8210 8947 1428 9423 3753 4329 1725 3135 8310 2741 8827 5334 6740 6869 2058 2704 5733 7843 9199 9568 6874 4343 7985 3211 5267 3355
65
3191 7728 129 8826 863 1698 9676 2029 2364 3111 6081 4619 2713 4140 5107 3092 7329 5132 6406 1564 8675 3645 5500 4835 6190 2682 218 4257 7269 7660 6359 3218 9726 2054 1618 148 1222 8660 118 7063 3587 7642 2297 2194 8813 4004 2406 4803 5038 2307 4949 8335 5192 5273 4304 235 4922 6660 7181 5599 1827 5958 8640 3693 6229
61
4056 8958 2470 4056 7729 3684 5369 6753 6195 2797 6595 5890 774 7033 5182 7323 2041 1110 1812 594 2529 2453 4221 7073 3229 4003 9220 4310 862 9487 7439 9635 384 3735 9161 1589 4747 8789 8456 1574 5828 424 5428 6759 2726 3452 2167 8492 5893 4918 2778 2246 2353 3020 2154 5045 647 2813 6479 9377 6435
58
513 289 4525 9823 9086 2012 5036 8720 4953 8138 4051 2494 2168 776 4969 9373 747 3775 8285 6121 8357 6808 8236 9629 736 6321 7711 4074 3336 3734 2381 8100 1337 4436 1078 508 3941 5045 4804 9185 8297 2751 6188 6642 744 86 445 8170 3769 6941 5542 53 8261 311 6292 6445 1772 6930
97
9673 2773 9484 7070 2677 4135 8717 3983 2116 5196 2712 2411 8227 682 1700 4077 6984 2147 9677 2574 8223 3208 5483 667 6147 1138 4725 1249 486 2565 3997 3235 149 8417 8983 7444 298 9484 6228 6680 1162 6688 1435 1935 1555 4389 3632 2565 4201 7735 3844 2247 5482 1450 8623 5120 6824 6028 5190 9661 2440 8057 5014 6499 3012 6359 8423 7311 6091 632 3166 3937 8001 6917 1938 1786 6362 4955 8038 8716 6640 2203 5786 557 9317 2854 7884 7656 5131 628 6967 7153 4003 8442 4604 2304 9515
90
3005 2522 2977 2474 9944 7638 2869 4785 6763 4431 3860 3190 5172 4582 4025 8898 7470 7017 9665 6108 9781 4662 230 2899 6082 9012 8998 7394 6307 4468 8707 7756 6073 2172 9419 1647 979 3236 1220 940 7350 2541 822 6708 514 5113 559 5190 8164 3732 4715 9466 8934 8229 6475 7839 2437 4917 9657 1761 1370 6411 7993 4274 8483 7658 507 4638 3621 5844 6788 7992 5029 4332 168 9771 4146 4005 8125 8667 6076 9638 4674 2459 5915 7591 6258 2523 4840 4406
70
2614 3832 4173 4733 9630 6821 1631 4553 2727 1656 3898 9861 3749 3770 9484 7445 8287 5663 271 3904 5131 1843 5458 2336 714 4441 1690 1665 804 5231 977 4650 9739 493 2038 1158 4456 9638 4057 8074 124 4264 1682 5753 9665 3188 3125 8746 1154 8416 6381 5676 1744 538 5296 1285 4502 4848 4793 7343 8481 6269 4764 3708 1992 1920 1060 8988 7543 8767
59
444 518 1618 4064 4325 664 7724 7422 8272 6386 7053 1897 2823 4959 631 7939 8048 2358 1406 8830 1677 6091 6544 1012 3636 6264 9230 1585 5304 1227 5262 2844 9523 3531 3436 8638 6897 8038 5368 3211 6986 5310 5623 1573 9118 322 7224 8723 9516 7904 1207 5065 8782 3018 5173 2431 6939 1765 3994
64
860 9687 6501 1392 6753 5422 3132 2654 9342 3294 3245 5555 4504 4065 4682 7851 3585 2395 5183 2257 6042 1163 7257 2719 4740 737 9667 4106 7776 9743 4759 9528 4593 7295 4538 2706 2407 8467 8510 1452 1209 7750 4153 9111 3330 832 1050 7087 5097 5070 6955 5479 7611 6003 841 3528 8995 6486 6228 8369 5991 8954 136 1531
59
4172 3950 2902 9292 8268 4957 1014 5411 4639 75 4478 2381 4063 3579 494 9107 2842 7677 6755 1090 8185 4890 9957 4464 4227 9857 6971 9505 2269 65 4861 9367 2849 7984 4951 8259 5882 5283 8353 1924 7420 7583 4395 3054 7928 2313 3641 6272 2455 7928 2279 623 3530 6011 6002 532 8033 2611 3555
75
1113 4084 1408 5996 5639 9902 2303 4327 7561 5363 6442 2338 5017 8409 9552 7190 7226 7715 8224 1997 5866 930 6641 5882 7637 4840 8442 6026 9848 3638 4748 2729 3004 8542 5689 7017 3620 8531 3443 7294 8051 6562 5919 1607 5314 6527 4256 760 9593 7614 7736 10000 3569 6878 2191 2313 9079 1454 2320 7842 9553 3046 4923 8398 8796 3433 7353 5265 6898 1675 9117 6556 5781 8236 2172
54
5322 792 818 3090 2253 6305 7235 2112 1425 2566 6614 2525 960 8329 3664 3129 6315 7007 8179 6587 356 913 8901 5081 1423 1555 4210 6880 6584 3234 9095 7127 3142 1149 1791 563 7857 5880 2936 6591 79 7112 7845 4687 4866 1702 745 2614 4064 8244 1578 4991 3897 7405
54
9715 3696 1083 5831 5314 4605 1100 7016 9357 5009 123 7646 8097 8988 223 2576 6684 3436 9615 5086 864 7706 4727 4983 705 1219 4094 9412 5990 1722 2097 7201 1947 4914 5383 2311 8789 9114 7651 9367 2616 7467 3101 843 679 8549 8023 2268 874 1330 8549 4017 6078 8201
62
7987 246 5981 8259 3723 6880 9197 1815 7653 8102 8889 109 1846 3930 8786 4662 9547 9279 6310 204 3805 7669 3805 700 7271 1331 6107 8498 8673 8363 7914 9489 6270 6629 3643 9264 7762 1861 4166 2298 1099 8211 1496 9389 2279 6224 5550 1828 479 7934 1694 5985 809 9765 8889 6588 4662 9710 8448 6191 9552 8820
59
7899 4414 2128 4477 3907 8147 4185 9373 7375 2174 7299 4570 1640 1087 5975 6254 2978 5461 7943 2148 2647 4300 5047 8777 319 6515 8345 8887 3215 3092 1554 7324 8596 4479 9347 1322 7299 667 2903 8074 9247 1989 4394 6763 5326 5415 6504 5246 8142 4601 1670 5580 5114 846 2483 5989 1796 4007 6172
53
6008 6728 3910 2199 65 3132 6072 2593 9607 3870 7370 5546 2117 1925 7622 6846 4787 216 9627 3997 5209 2630 7224 6796 1618 6333 7872 1830 3771 5963 9959 6261 5349 3470 9494 6723 5357 5358 7513 6671 4772 3913 5580 8431 2981 2766 8922 9542 3254 4794 6893 3803 8499
87
762 2631 1763 4026 4244 1232 8307 2222 5062 4746 8537 3808 7384 2772 5582 2207 2526 2258 9221 4745 5713 3305 1214 4820 2245 9131 3236 6218 6425 3558 279 9300 502 3354 2987 8827 9538 9124 4789 9249 2262 3541 9952 5731 1632 608 8082 5932 652 1446 5875 9586 8446 1591 8673 944 2390 7319 5348 1256 2424 6119 8171 700 6969 4718 7930 737 7549 1697 4739 3792 5259 4179 2933 8679 3958 4896 9215 901 593 9240 3716 7738 1428 9697 6154
50
5275 4796 3596 9000 6744 8989 3565 1831 2419 2344 1343 2356 2072 2509 1406 4677 3756 7382 4839 9924 7535 1712 7682 3903 9674 3503 8512 3111 8936 7384 2652 8084 893 3894 7391 8807 969 9349 1684 3478 3523 2928 8026 6355 9195 32 6571 7867 8202 5496
65
1491 1220 9339 4559 6519 8414 6766 9902 2110 7190 9257 6928 7831 2586 6108 7129 3248 8387 3114 7507 1053 7406 4098 6370 2903 6306 2245 9284 7221 2136 2929 1484 2017 7977 4101 7385 3464 3848 3236 637 7225 5014 5995 1274 7581 13 4264 9014 4486 7222 5473 5057 3269 8051 1510 6672 9611 3141 9920 5511 4007 6838 9790 6290 3456
95
8144 826 5640 2452 9729 9570 3995 6075 4399 4868 5846 1309 3528 9649 255 5457 8394 8440 1215 2288 574 3381 3021 7350 5637 5883 3396 2071 336 9239 285 3533 2950 6514 2180 430 2928 6085 7590 587 9613 5298 2730 4367 9847 807 4069 7934 9464 2175 7541 1676 7998 6367 6568 4093 4376 25 4504 4827 6639 7356 786 2602 1220 3930 5511 8501 9699 9501 7502 3733 8342 4397 9990 2521 6850 907 9044 8746 1299 6558 954 5330 6510 2532 8983 2851 5465 7071 7066 3468 1701 8570 2508
56
7862 624 1492 5789 1063 1653 3432 4525 5009 1900 7516 4854 7791 1996 1416 4508 2719 9775 4545 73 5517 2537 7519 4445 8161 6456 8283 879 5011 7655 4789 9602 2671 6311 8564 2055 136 2899 1196 8785 8048 3724 33 965 9669 1385 6593 5033 2181 6371 9150 62 1139 5788 4749 5209
63
9428 9269 6034 2512 7925 3627 8927 8564 8105 8808 4670 9026 4611 6821 1395 9657 557 8080 68 3407 3510 8319 4074 9148 1501 5716 1358 2075 2765 2838 3943 2347 6439 6276 3010 6469 5696 3103 3107 6954 3618 3668 2368 1248 2793 2808 5088 874 8916 6614 3803 7872 3739 6079 9837 2568 9117 1482 5047 3092 4060 6533 6706
94
9896 4604 2731 9733 2486 7151 5294 9057 3297 1781 3391 1394 5897 5614 7504 8488 8394 8339 8289 4259 2372 5304 5731 9439 7112 7887 3333 4897 6802 2434 3703 8496 6512 9755 7520 5993 4285 2676 5559 9512 9944 4573 9115 65 415 9227 9729 6738 8364 4697 5957 3089 8231 4694 6862 1386 4599 5868 1757 6932 7466 1166 5451 7413 7135 5726 3586 8749 559 7605 247 5561 1434 5860 8085 978 7971 1842 2379 2678 5726 9338 3082 3725 2102 4284 6033 6933 2995 6360 7800 935 3569 1318
82
5777 6936 8764 3306 8090 3528 9662 626 2839 2350 2470 8526 1062 5152 9374 2322 1515 1361 2509 4398 7085 8488 8857 243 1800 4266 8330 5563 2810 1358 4723 600 6166 7259 9935 8483 6888 6826 7624 8609 2073 9961 4970 7814 3653 1247 8038 9273 4830 8958 4105 5606 2254 510 2227 2141 1957 3370 5114 3041 1717 1291 7758 6136 6323 8963 8254 6389 8460 8251 4894 4446 3100 6515 3767 2989 3291 5700 9166 8401 7594 9743
98
1868 547 6902 2467 6575 8818 8011 4024 4955 4097 9724 3396 140 3274 834 8104 8143 4173 1437 4350 8904 6454 6152 5153 5289 7879 4439 1476 9391 2544 8427 7188 5969 5007 7742 7510 5848 4031 5928 6855 1718 3226 813 2814 4276 2242 3150 4076 6229 6575 502 7874 5969 4396 2824 6048 6903 7515 662 4106 2901 2205 4325 6306 2086 6750 3879 9371 3593 5071 4107 1959 4685 4094 6780 9357 9699 3191 6747 6494 4775 226 4629 3817 2720 8537 716 9042 2046 1233 3011 9840 4462 8876 6644 9842 9716 8899
64
8402 6539 9411 7821 3257 4712 6283 493 6311 1621 988 476 9945 341 8175 2358 2557 9012 9967 4585 6394 3468 6302 953 7707 5037 814 7858 898 9972 6461 3891 2491 7452 3253 2696 8541 7024 8383 6399 3017 9329 6585 2720 8321 1074 6408 7043 8547 4062 9409 1435 995 1186 1238 3836 9540 2916 6306 3316 8883 1405 7666 5833
91
4371 5339 5183 5798 4324 4151 7305 6792 4522 2628 8840 8884 7957 9079 3798 7778 4458 2047 9933 7536 7597 221 1324 4783 7079 9421 6571 2629 213 1938 6523 4629 715 1530 5250 437 7676 1463 1348 2622 9474 5404 7136 7392 9915 4776 7586 2707 8900 9341 9380 5843 590 1335 7103 7272 2857 3845 9584 4578 24 4653 3435 6261 901 3942 6084 2760 7961 3279 1086 5644 2956 7066 8057 5994 9565 1458 7014 813 1881 7073 435 6606 1937 8293 5786 5200 9911 9788 8557
98
873 8042 6356 4649 2388 136 5724 4289 8450 42 2061 4324 870 3690 6759 809 5243 3556 1284 8722 6461 2054 2210 2036 6081 8966 2407 9967 6182 7644 5979 4134 4083 7384 5616 469 9493 1520 9327 1186 4530 9316 6681 6048 916 2820 6187 9104 7948 3999 7485 2683 6027 5509 1385 9796 79 8138 7915 7819 5809 7248 6938 5256 1840 9219 2494 8126 8963 9377 6100 5735 9016 3710 2159 2838 1854 8819 3069 6655 9908 2592 8991 6272 4649 6151 1368 3639 919 4724 4716 1239 1410 4071 6111 9805 5950 1751
55
6430 4852 1488 2540 4759 811 618 7538 8002 4984 246 6084 2635 4286 513 8495 6495 924 5871 6849 6703 3516 6833 5037 6422 3632 9073 61 1996 6127 2566 9662 6052 661 889 2322 3055 4398 7953 5264 8211 5784 1507 5932 1056 4716 8771 240 8690 1905 1824 3143 6405 2628 6304
94
7637 873 165 1085 3564 9003 2132 2349 6442 8291 448 4636 6606 8324 7632 2665 7986 4843 8346 5427 3780 7841 4451 1899 5568 9855 9882 1813 8807 6229 6601 4474 3893 4946 526 2761 4528 3785 4362 1572 6490 8688 4172 9796 3232 6556 6990 8011 622 5669 656 4877 7885 1860 2545 8567 8532 8108 1752 1788 2360 8641 3291 5436 5469 4457 8530 7342 2110 1675 1263 6032 8639 8369 2868 9736 7037 7294 3020 230 7093 2841 4102 8014 1086 6933 8391 6492 214 3623 7180 2583 7408 1920
75
194 6225 4451 5122 2717 6775 631 8333 8375 811 2945 372 5499 4157 3656 8678 641 9714 5192 456 5335 9307 1463 1786 4745 8877 4684 2727 2858 7260 4999 2742 693 7533 3435 9281 2038 8316 4762 2797 9504 7704 55 4861 7818 2198 2505 6586 4320 7115 2251 9459 1833 3923 6565 6232 2129 3212 8131 2037 640 635 3218 6811 639 4077 6705 96 5336 6173 7087 9418 7219 2109 4846
86
9699 3403 5125 2887 736 5480 5818 6034 5815 7411 4600 6196 7523 9773 5454 3931 5163 40 5669 6414 2870 501 3452 7432 8205 1128 1529 2380 4980 7454 6044 2565 8718 2680 6203 2997 3622 9505 3007 3518 3083 5961 4706 3839 4871 4884 8955 4851 3523 7889 8961 8717 6373 5215 5416 7147 7414 1011 4720 5184 2774 8869 100 1263 1188 9495 22 5184 27 1352 1469 2144 8031 2965 5304 6392 4689 103 4943 3751 6503 2522 4226 8978 2510 5039
75
967 4118 2659 5734 467 7990 4213 5134 6953 9621 7182 2158 5274 4738 4269 6592 865 6794 6329 2643 5673 7002 4167 3982 470 5518 8791 5989 928 2688 59 3831 261 657 7850 9220 4597 413 8495 9356 8766 496 7711 3120 2745 9946 5343 50 3284 6369 6933 1246 690 1969 9775 6011 8106 6964 3100 817 9462 8235 8463 77 2223 83 3902 463 9615 967 6696 8598 8916 8233 3189
80
8442 1507 2373 158 9579 8150 8388 9498 708 2169 4901 7189 8259 2939 3222 3872 1439 9345 1126 7670 8930 1027 8642 6621 920 7775 5158 4657 452 4065 5508 1401 9663 3815 4795 1382 4071 6977 7036 8548 7125 6912 6572 7451 7541 2333 3971 6250 3004 5942 8386 8709 1808 922 2932 2388 2616 6179 422 8314 2107 4566 684 2245 6322 8053 131 6031 7996 738 2744 4534 2828 8667 2362 8231 179 637 1969 3512
97
7679 1903 3031 2971 2011 6910 5260 533 7471 2622 8949 3859 4412 4043 8194 2453 7536 153 1689 8825 4767 544 806 383 9160 7784 185 1990 5481 6026 9975 7055 4044 3774 4517 7403 5880 5607 1820 1529 9041 2213 3206 1988 6042 136 5267 9454 3345 4267 3731 3876 3969 8270 6415 5957 2798 6423 7990 5840 8802 983 9846 3917 4301 8141 8730 4335 4833 3230 4375 8477 7377 7414 9158 4171 7462 5367 2385 5734 8641 6804 5477 7699 666 9547 2855 8190 7990 5179 6551 1690 3624 5495 1171 1825 1251
80
8958 5705 2790 9823 6654 3730 3396 3655 7582 5534 8739 9126 4913 1400 2896 5337 2966 8201 9745 663 7902 1985 402 1772 2925 588 327 7905 1201 2060 8742 4414 4985 4660 1641 6666 8868 9063 7857 566 116 2783 8203 6214 4195 3295 8047 9610 6864 8041 1010 2571 215 1884 5349 2079 8872 6067 6880 7392 6114 3320 6874 3371 5803 1986 6526 2439 3275 9631 2983 7741 923 8951 414 4608 2327 5179 841 9797
99
2640 8609 1205 5700 1919 9975 3761 7006 8988 4359 1159 4745 6762 8875 9820 6911 1221 2875 1277 1550 9152 7596 5604 18 6420 76 6407 4784 1615 1897 3190 628 1433 7432 69 420 1516 3286 9358 2437 126 1138 8499 4671 9920 1499 5492 98 1572 3325 6485 9677 7753 235 934 8080 7026 1072 8810 9906 9073 1602 226 7028 485 6768 6589 8959 2449 5922 158 9590 7509 3292 2423 4472 4280 3976 1022 566 81 8897 3935 9528 3421 9315 5480 5136 2167 3731 91 5410 2229 7414 6800 1906 598 5652 4429
87
4544 9090 7587 2198 4873 1682 5796 1569 2765 8143 9823 1783 9732 5863 371 7023 778 3348 6715 2945 6628 2856 6485 9618 4368 6907 1643 6635 5835 3853 809 9765 8070 1102 3146 3836 7298 1047 5839 2161 9314 8170 5054 6749 3286 8558 4509 6529 2531 7708 4534 7568 613 7254 3792 9758 2489 3910 6323 4354 8494 2745 9642 8709 1191 5171 8163 3496 4368 1706 1198 310 9156 9412 3480 1620 534 4867 5974 516 9773 3237 7451 8846 9476 392 6229
82
222 8514 4861 8574 9012 9124 3742 3577 3585 3149 3348 5533 1828 7627 8246 4492 8526 6500 3527 9710 413 7448 4036 7363 1249 314 9541 5957 8411 8982 8641 6939 8802 9948 8770 2283 5422 2667 2061 4264 1152 1218 9752 4989 3711 2208 5668 9880 8429 5243 9733 5376 8231 6144 6084 532 4501 3497 4069 6519 2108 5174 9046 3269 2092 4149 9598 9383 148 2051 2443 8867 5185 2751 5967 8259 6174 4197 3744 4938 7497 1316
66
9825 7710 3693 8756 4770 3213 250 9944 9093 4708 6064 5096 1237 2599 396 733 8335 6280 7338 4600 1722 4628 3234 9344 2645 9890 675 4778 9379 5328 824 333 94 5430 6005 2599 6596 250 1938 6737 3380 1847 8162 5949 7322 9953 7238 4446 7592 8298 8122 5845 6868 9010 9088 6198 9107 3379 5623 3507 7092 4640 9123 7391 1214 5251
81
87 4807 6 3285 7993 4953 2264 6399 6085 1039 6921 9133 8242 7188 8980 5012 6098 8610 5604 8737 84 4481 6768 5487 6608 5681 3021 8143 5123 7266 2229 1198 5984 5690 4955 4849 9450 2593 352 4017 289 1506 8230 8113 3547 9436 9305 9850 4776 340 1658 4300 8272 9764 270 2650 2776 8772 8785 3755 6695 3498 8370 410 9247 7467 2520 4759 4745 3046 5828 1461 4522 1806 1929 1937 2075 4703 5874 4743 1301
55
421 2488 8976 8211 3286 4818 988 8962 8663 7157 5981 3336 673 3743 1527 5035 9499 264 7691 4331 7930 9236 9068 8527 6375 211 9095 8299 339 1160 5430 1138 327 2162 464 6447 8067 3552 7698 394 13 6982 6948 9024 4858 7481 7406 9965 5277 7825 6300 6402 6062 5000 4174
71
4565 295 1441 8570 406 3311 4133 486 4437 841 1504 868 521 5002 8178 4112 8357 4794 8905 2850 7903 7968 142 285 9854 429 6949 4065 9626 2952 3241 5970 5252 9005 1818 3468 3151 5568 8856 6670 5801 3414 7379 517 2306 8528 7315 9963 3756 1471 8270 3950 1129 9213 4573 25 4174 2320 168 7243 1594 2922 5254 7049 7916 6408 3994 7644 5596 8698 8483
98
9214 7247 5599 3367 4757 5005 4628 522 7893 3752 3670 43 4981 5931 3192 1435 6130 4621 3663 6590 9303 7898 9524 3119 6127 9338 9869 1291 7930 9273 6012 7806 7074 5368 4235 5172 4248 6811 9741 3486 5724 9032 9861 4362 6777 2139 1005 7227 2990 7723 9566 2827 8731 8602 1803 1571 4883 5134 4299 6342 2503 7185 4828 7675 6260 5177 2711 9514 9716 2099 1756 8818 3538 4214 7331 92 2500 2998 2739 8897 3548 2194 375 3098 8304 3056 625 8055 3161 9640 4231 6972 7419 9648 3194 4943 3338 8703
74
9136 7388 8631 1220 7454 4547 9312 1835 6609 6410 4088 444 5178 4424 2205 4919 1427 1550 488 6270 8040 4867 5163 7460 1661 3047 3519 7695 6728 9021 8030 2859 5356 5306 6900 4510 860 8676 2086 222 7236 2086 8915 8027 1299 2964 3108 9128 8656 1779 7226 642 4401 3018 7455 9321 9907 9519 1735 622 5476 9105 3912 5460 2009 1119 6967 8418 2383 1595 7526 6573 3206 9412
54
7749 9817 6604 3050 9496 2286 3758 2995 3909 9185 6758 6139 1255 1445 3279 1822 2608 3428 7349 6291 1756 9107 2335 7938 5655 7041 4396 3282 6418 6678 6272 7721 8024 9116 7660 7850 6790 578 7689 3517 6380 9141 4808 4317 1720 6550 1981 323 3689 6123 2553 9756 7454 4198
80
7116 5602 694 9758 441 7955 2902 2599 3685 3949 2878 6296 6913 4554 4359 5484 7833 8636 3834 9663 7765 3082 244 8066 8264 6427 5167 587 1628 4172 2512 8766 3446 8766 8745 6742 7065 2938 5777 3108 8879 7618 2944 4192 6791 1687 5783 5263 3885 5579 8001 1508 2962 3460 9091 4505 89 4567 497 6988 7783 7452 7064 8139 3358 2213 172 2272 1997 9340 7013 3953 4855 8887 3889 9137 4042 5248 5790 2171
81
4935 8137 354 2922 9346 9003 4294 2316 1484 7647 8558 6348 4761 4100 9008 725 9926 4237 3628 9704 4059 2361 4462 5194 4438 2433 4511 1937 5723 2133 4764 8443 9916 9100 6019 5540 7280 2505 6568 1486 2159 7341 9839 6604 9358 2157 2125 8540 2176 3860 9628 6343 1586 8703 8527 391 5371 5705 2892 2144 9619 3681 4197 8299 5830 8129 7875 4681 1900 4269 944 1524 4443 7145 5782 2582 1359 1238 6392 4816 9460
63
5080 4961 555 8667 4255 5428 3491 653 5697 530 9315 6459 5000 5629 8367 690 2415 4654 7186 8481 8488 4613 5924 2760 28 9947 9580 4722 5122 4880 2088 5203 9151 1484 6819 9473 204 5479 3491 4606 3177 3514 5995 5963 4575 3786 8691 8110 4142 4582 7673 6801 4825 2285 1853 8580 1067 526 6472 6336 4589 533 3330
57
8708 8396 1347 379 1805 9338 3336 9463 9062 4548 2075 6731 9539 2513 9004 6087 1593 5868 9569 4789 7702 4595 1268 606 1587 5989 8676 2322 410 1337 4693 3485 6709 2616 5238 8920 4737 5041 3327 6706 6919 7525 7702 6928 9599 6177 3450 5511 4971 7514 5130 3634 2855 5624 7676 2932 4368
67
9883 2042 967 9029 7344 9215 7614 9913 2482 8132 6341 2790 1686 5483 5249 1840 6564 6717 8382 9233 9551 4390 5435 4088 1935 9597 6390 1228 6739 6446 4269 118 4232 5893 6389 3481 9977 365 4539 1250 4139 1019 3062 6466 8825 4496 6616 3367 3459 9202 624 2191 5608 2748 8661 6960 1415 4373 4090 2387 6225 5651 5351 5530 722 4501 5527
83
8862 6361 284 7042 5084 1524 2581 8014 8184 7561 8923 8237 160 8494 8951 3765 285 3356 4461 9089 7192 6360 2344 3560 9086 1430 2404 6528 8008 8254 858 2694 3595 3232 7355 3657 3010 6243 2607 3386 5965 6346 4659 9361 937 6771 6814 3947 6112 8740 5955 4999 3858 6965 7707 6351 865 7953 3887 2935 9768 1195 1425 3364 588 5344 4694 9297 2197 1272 3064 6751 644 5646 2275 2536 5253 4737 6930 1470 9624 3237 6149
73
7493 2170 2135 1229 6219 2975 4454 5604 1039 2801 4922 2323 4871 8923 5465 9429 1505 3463 5531 1490 2339 4699 5810 2740 4354 1030 564 1296 5788 9713 2549 1496 1365 5046 6649 1989 4140 3490 6718 4384 9931 4785 4895 1293 124 7159 4897 1450 8751 9351 3732 3427 4280 1949 5370 3186 7288 8580 4680 3335 4099 974 1024 6558 3420 5936 8018 1653 1821 4752 8027 7306 9788
86
6159 3548 3354 1426 111 6040 1051 6653 2940 1068 9252 1755 1839 4103 2334 8120 9860 2854 3067 3539 4396 1786 7416 696 3935 9983 9614 7883 241 1252 2523 9524 7071 7723 750 5491 1894 7366 7887 3088 6456 3954 1567 2111 7565 8694 9805 4995 7941 2826 1676 2117 9174 8965 2982 5292 2358 4252 4590 6654 4858 9981 7337 8811 7265 2959 7295 6914 4965 3647 5088 4203 6032 1336 958 4929 1353 423 5749 6862 1425 9522 3629 3860 4917 1233
73
2554 7861 3034 3077 5555 6512 4102 4214 257 4772 1744 9534 1922 3773 5711 8221 1864 8248 1238 7156 3183 4915 5073 8416 8815 6751 1665 6111 403 3497 1575 994 4811 2521 9764 8210 6179 8640 4676 2084 948 5868 3270 6073 3652 2209 5288 687 5613 5840 2599 2182 5353 4067 9228 8081 2919 2686 7396 1016 6217 2877 3544 3668 5502 7942 9380 6513 7223 8668 9457 4316 3520
70
8882 3741 2304 8808 1828 4248 6779 7474 3695 1905 1214 6638 3242 8365 3456 2166 3194 5286 7638 8620 3939 9020 4187 1071 6889 9123 1347 4365 3961 7038 5068 2073 6689 8371 7048 4682 3601 437 308 7875 1790 3003 601 8378 9530 6126 1318 6851 8272 3363 8228 2653 9216 8944 6576 4020 6752 7938 1206 4109 3018 1920 7276 3754 6814 9028 5574 1264 2078 4066
65
3480 529 6675 755 720 3306 7931 2027 3048 6862 8745 9895 1641 5024 4164 2407 8542 4865 9652 4384 258 4926 6756 3377 9503 8831 9050 9877 7679 6459 8344 5427 5543 5607 7328 674 5249 7069 6493 6505 9845 8733 3938 9605 4445 3569 4348 5098 3625 2528 2431 552 8408 3705 4393 3476 3346 2913 4029 8392 4569 8649 9661 9452 3115
83
8018 2402 8636 2569 5592 603 8068 7411 9920 793 4104 3076 9038 5819 1487 3695 9059 1829 7352 3172 2646 5221 9829 2721 292 2890 1702 9897 5669 1661 9675 3980 7197 3934 4343 838 317 2008 4139 3516 3638 9166 9131 2159 8638 8381 8027 7252 1482 2811 584 7840 8291 5664 524 7558 3533 4737 3462 8432 913 4181 5830 9168 4355 6344 4685 3383 7987 8412 5315 5383 6976 9467 5809 7291 9095 2669 5891 6191 304 6141 2384
63
5039 7948 444 8713 7836 2509 9568 6718 1865 5744 2794 3236 6290 5895 3644 4822 8095 2096 5224 1986 3211 8292 2888 6269 2524 2119 5096 6878 8994 8488 8883 9676 4229 7865 6520 1373 37 9073 4905 2562 2205 8306 1399 1473 5309 8072 8533 8217 9030 3480 3988 5837 4771 4848 3780 6692 9884 4956 5990 7239 2683 3413 3329
80
2996 9795 930 9064 5581 4626 7110 5253 3686 344 6390 5563 6745 1936 2489 713 4509 8101 2438 6784 1083 6101 8613 5014 3325 8956 3655 1044 7970 7891 3579 3825 8299 1703 4651 9071 1927 7667 4061 1985 5278 915 2696 250 8855 676 3105 7299 7645 8903 6603 7566 3587 9476 7143 6605 5999 8232 3620 8687 2469 4992 2849 7338 3611 9057 2684 8859 5310 6336 2598 5853 4048 3839 7705 2719 8338 4675 3610 685
87
4150 5144 195 3635 7655 8592 6278 7076 2674 2487 650 7604 2017 3567 9759 1945 551 9819 4959 1009 7390 3651 5969 5073 9711 8813 2906 7383 8792 8345 9256 1529 5295 7779 9737 7673 166 9395 1277 2696 7427 2138 1033 4897 4814 5989 6154 5932 9180 5789 7567 6058 6003 335 8684 4559 9471 4692 5175 4023 1046 6624 7653 9974 6677 759 5390 5952 210 2947 2555 8657 95 5087 538 4676 2549 8516 9262 5807 2602 7368 3369 6584 4863 3819 2449
66
7522 7101 1824 5921 9987 1181 1717 5555 4778 3496 6368 9467 236 4899 8128 3036 6202 3391 9183 6224 1357 2738 9635 7482 8055 2926 4469 1415 1228 2198 310 4597 9363 5598 7056 2892 9624 4116 7136 3285 9497 413 8881 8021 5755 2814 9260 3315 6434 8002 139 5331 6185 1976 4250 5826 9801 5584 2554 196 5799 6875 5921 7920 103 2943
93
495 9303 8848 1359 2730 4219 5999 1803 6513 9308 9786 5797 9731 8936 6549 1398 4168 9922 9869 5264 185 6475 8305 4613 43 3133 2974 2200 8122 5151 3390 8834 4408 4001 3428 3999 9650 3462 310 6596 4634 6107 6976 9322 1025 1691 677 2817 1168 6210 6257 8274 9881 6343 4002 1669 2146 5598 3524 1305 1667 337 2992 4571 9612 5696 8558 2812 8328 44 9801 6296 4144 1489 7034 4602 5175 468 2005 2153 819 1500 2520 1766 4790 969 2795 2578 6742 5177 2245 132 6287
