100
13
830 746 152 534 54 427 311 176 916 306 823 933 242
34
448 151 42 528 34 560 467 521 960 742 39 618 721 484 589 513 340 475 910 76 321 369 864 536 370 741 915 562 222 198 528 366 813 65
64
413 469 183 231 59 890 599 518 197 975 538 199 862 315 230 87 399 44 750 656 180 545 546 640 522 16 240 830 416 767 53 978 442 743 96 22 186 374 911 872 158 546 43 245 658 268 307 885 431 251 197 829 559 695 446 22 674 825 988 281 226 198 99 806
29
879 315 290 725 801 101 100 824 14 110 69 493 169 119 486 611 206 608 928 611 389 473 465 32 841 390 485 572 660
63
470 236 66 448 432 320 848 36 906 418 207 502 23 425 527 536 506 271 444 819 662 332 30 561 155 791 817 787 893 438 200 542 239 200 575 805 820 29 278 120 457 749 751 702 658 403 781 734 768 474 726 198 925 192 37 568 251 915 345 957 797 103 525
78
385 297 884 14 953 438 309 818 939 383 240 456 149 784 90 31 123 133 194 481 521 14 26 250 219 207 185 350 333 47 64 475 857 59 458 11 227 85 51 594 59 94 991 553 700 964 641 649 161 918 465 861 314 897 819 920 942 603 864 325 930 608 911 467 799 138 635 244 225 243 261 869 618 65 491 733 908 300
10
388 244 102 310 914 740 858 669 836 262
18
322 471 794 269 385 148 840 593 72 106 825 173 530 939 854 961 421 884
71
428 8 662 604 818 671 498 675 219 938 521 978 888 698 399 859 169 952 181 683 226 190 738 660 215 478 738 103 554 319 531 676 456 37 214 65 667 769 695 399 530 635 366 845 15 175 847 365 576 477 882 244 933 482 188 302 560 875 948 520 696 344 413 617 653 252 265 776 671 601 401
51
258 846 165 912 951 73 462 757 62 411 502 375 111 891 10 336 857 274 631 728 589 312 339 232 384 175 653 636 115 268 301 786 636 647 275 240 118 532 674 946 226 945 891 59 823 796 484 736 764 935 635
12
280 802 857 207 152 680 814 847 719 61 749 702
22
622 909 722 367 787 803 874 88 825 496 564 19 79 347 862 613 190 808 145 332 599 607
99
213 822 971 964 302 936 712 774 977 401 869 619 829 819 1000 89 976 813 707 312 765 614 113 707 740 741 432 649 862 167 593 703 605 130 427 797 891 46 118 518 589 946 485 262 346 586 994 445 47 208 209 244 269 12 474 110 80 949 484 702 302 873 243 605 94 303 671 61 825 114 132 883 763 947 624 919 924 277 393 127 303 740 842 195 551 143 626 50 550 497 302 197 236 186 863 873 233 950 759
57
766 812 308 475 649 351 128 270 193 655 965 638 678 23 175 589 695 390 998 451 71 452 917 485 354 961 202 827 925 512 496 243 848 769 567 428 952 339 150 473 407 645 975 741 992 115 477 560 530 49 583 977 621 932 442 387 689
89
115 72 347 447 70 964 548 995 340 44 742 866 674 42 579 899 133 743 649 405 548 961 196 438 738 527 3 945 317 656 344 83 829 661 489 83 268 686 867 102 633 759 734 86 415 748 855 130 919 989 568 655 647 97 247 827 381 609 329 854 560 985 738 180 90 435 618 39 330 611 32 345 557 361 68 549 110 338 765 601 932 46 909 429 693 454 725 777 652
50
494 913 926 640 553 250 773 877 303 864 469 634 829 300 598 884 399 378 644 580 456 725 834 867 215 620 263 922 347 547 229 547 772 751 833 429 172 740 272 825 965 249 978 202 451 248 946 106 899 31
89
897 807 420 161 450 641 452 233 643 399 747 428 384 338 449 29 999 809 379 332 274 654 259 637 600 117 755 450 50 460 839 541 319 830 292 140 964 360 587 958 254 257 478 182 380 444 354 820 190 11 275 928 354 293 115 963 39 843 843 46 17 642 593 199 598 454 973 327 257 250 191 176 607 105 554 489 361 957 417 390 340 17 719 226 427 763 237 626 827
95
483 39 549 934 649 361 903 25 957 704 73 791 241 550 92 693 637 974 981 47 747 686 929 199 866 464 678 910 775 749 212 656 501 886 673 367 467 331 259 597 541 990 619 877 776 169 812 147 820 435 17 578 623 269 351 456 788 262 268 389 159 624 123 202 209 49 85 243 244 834 896 32 464 223 583 314 561 403 127 752 573 520 435 320 370 369 617 886 640 300 282 291 307 241 827
87
739 669 626 852 341 680 656 514 747 195 781 71 95 29 227 555 703 39 841 410 611 693 398 360 913 368 47 404 377 777 504 995 328 589 280 371 639 437 258 980 216 196 295 269 252 779 326 160 437 102 191 540 244 465 545 221 198 280 49 847 241 558 870 866 27 941 854 15 362 611 612 524 630 802 661 205 722 150 442 477 792 769 598 988 677 279 869
77
356 882 419 909 333 483 892 550 349 361 318 185 553 966 708 772 71 693 936 534 190 166 989 103 820 323 175 322 803 681 457 4 205 412 419 571 342 500 261 386 650 629 968 225 413 562 841 548 399 174 628 505 411 844 736 594 301 357 19 962 614 36 164 565 39 277 493 757 892 601 221 547 874 574 618 951 649
61
555 639 40 30 105 7 473 795 808 215 766 289 693 912 789 806 268 331 161 469 808 369 211 14 861 752 700 201 229 263 273 270 274 478 364 620 133 438 871 547 475 126 407 399 927 918 316 274 674 398 784 891 372 742 751 534 905 874 148 278 904
9
730 488 489 505 700 333 472 505 689
14
543 151 836 120 188 574 818 885 19 333 163 314 365 782
52
671 585 722 433 424 899 184 744 992 796 280 171 407 619 98 882 188 28 860 301 402 620 924 694 461 739 708 773 411 288 552 503 627 967 151 945 91 510 856 520 429 479 765 760 148 330 614 937 543 614 326 844
7
825 548 808 353 91 559 137
45
564 674 975 16 879 543 32 352 760 206 768 460 444 212 206 148 821 790 102 921 603 651 217 243 982 546 882 454 843 797 513 797 313 65 291 964 437 451 691 675 328 185 804 58 941
69
189 599 642 578 381 680 955 46 156 663 636 346 133 744 734 3 427 672 582 45 299 488 758 511 91 828 892 444 47 772 750 753 233 428 391 372 202 221 545 475 693 215 27 679 601 338 658 15 42 242 449 592 398 265 490 853 166 56 189 363 74 583 578 942 758 32 553 924 400
3
502 963 988
26
519 222 785 984 34 285 131 863 251 310 116 267 19 945 15 777 851 58 273 983 673 238 668 808 34 661
64
771 396 565 13 500 104 287 510 375 29 587 509 145 82 778 736 522 255 280 458 714 897 121 845 539 639 985 284 618 869 554 586 164 827 641 688 720 162 677 755 260 393 621 163 948 374 391 35 747 403 530 272 168 10 122 597 974 333 826 125 379 385 267 816
85
480 740 659 341 942 799 480 453 686 707 303 40 843 183 389 270 220 611 548 722 210 681 130 171 292 902 835 325 471 559 588 852 539 976 702 453 927 688 39 841 433 790 962 116 768 993 167 379 607 787 95 524 799 25 897 858 9 105 873 613 9 977 91 448 53 374 975 152 626 761 69 950 895 385 365 754 707 796 223 709 235 103 167 206 829
6
194 536 469 868 950 946
44
376 987 274 126 370 671 951 931 132 625 84 909 718 907 860 513 262 891 931 327 593 444 212 843 426 865 320 487 433 618 473 857 409 533 703 3 150 609 687 787 470 128 324 710
87
665 803 271 732 702 580 988 948 691 544 751 484 726 545 672 425 969 456 986 979 345 175 664 851 236 347 240 231 560 915 248 53 703 863 627 389 484 379 526 416 968 359 833 688 622 556 962 594 911 486 674 490 613 729 710 254 279 203 272 576 867 784 605 418 951 209 88 569 695 300 859 829 460 677 348 591 728 777 510 621 419 526 226 942 470 443 310
38
143 365 133 623 931 469 963 249 398 704 442 445 920 561 216 15 883 913 21 156 10 601 991 267 605 969 968 619 271 954 696 692 130 471 524 961 917 648
10
116 226 659 969 438 551 644 985 524 57
29
859 400 954 736 639 150 149 365 813 88 101 923 800 579 358 595 994 951 190 828 876 525 933 420 791 805 12 868 841
63
509 744 687 997 381 812 744 43 16 401 647 654 190 487 517 23 232 764 620 975 123 825 484 554 719 768 250 758 537 623 409 536 15 217 983 52 649 88 991 107 239 547 632 560 399 612 267 638 155 472 478 79 905 237 926 109 57 255 806 214 525 896 641
38
214 261 507 182 236 59 356 82 308 799 591 626 303 580 914 68 88 930 428 923 453 225 50 669 263 787 899 279 419 198 969 966 728 644 749 289 673 959
93
40 703 987 846 702 206 142 673 336 221 89 342 143 676 803 627 637 692 86 673 752 977 783 468 764 109 831 929 594 330 993 754 437 749 417 232 627 772 282 379 662 407 189 838 800 657 99 309 238 915 607 316 515 5 489 268 216 483 789 585 553 661 56 283 853 409 993 604 864 904 528 192 726 422 729 9 672 236 351 832 45 940 264 603 298 921 998 985 10 336 583 623 662
21
918 832 927 268 932 263 865 163 630 312 540 489 181 134 44 166 145 745 853 853 216
74
439 331 448 384 394 686 228 203 167 610 209 937 905 873 688 788 817 22 293 605 100 121 918 576 503 409 464 78 673 139 930 3 251 584 55 42 669 999 597 166 103 690 416 691 776 591 64 761 825 60 240 153 269 367 632 573 150 733 64 681 286 103 302 168 289 561 298 375 308 753 26 355 665 39
4
669 533 749 112
34
299 395 179 219 968 25 73 438 203 808 473 197 343 912 426 233 445 647 737 726 433 270 625 332 851 844 106 244 326 850 224 512 377 529
87
70 851 302 459 67 169 341 357 221 763 806 489 322 874 143 779 587 666 328 660 216 722 475 790 93 962 786 789 536 659 309 498 809 164 981 541 404 883 387 416 31 49 70 243 591 390 258 39 159 240 886 895 624 918 587 485 315 454 640 187 884 220 874 128 146 734 64 891 297 911 199 356 866 180 882 573 165 79 630 669 157 781 857 302 906 221 240
54
462 959 772 283 378 187 255 896 89 188 910 811 708 89 92 234 563 469 827 454 361 137 942 144 145 549 662 306 47 635 580 704 23 420 978 667 353 573 211 578 850 88 297 182 789 58 191 488 387 4 564 184 818 326
56
272 83 103 735 623 651 643 292 892 86 553 495 125 285 372 28 249 648 681 204 365 175 82 834 234 3 599 756 39 936 512 419 589 707 502 943 429 974 228 924 94 426 598 142 849 836 494 920 396 85 841 788 749 988 537 977
69
522 628 295 893 341 709 939 919 603 586 382 170 847 564 672 565 616 602 21 320 299 138 322 715 741 602 703 329 794 852 281 174 118 327 222 333 364 85 18 873 453 511 272 722 676 776 308 456 308 542 95 819 420 666 553 155 426 62 332 520 103 760 501 586 685 982 316 437 695
31
917 57 292 903 425 704 666 173 620 731 528 697 944 51 80 645 569 74 485 460 687 301 687 338 390 754 109 11 394 632 715
9
830 346 792 407 767 518 785 889 833
82
35 495 625 544 915 692 187 677 485 188 498 246 392 945 643 164 317 81 880 977 233 389 34 60 22 195 2 362 994 643 276 706 579 855 404 369 308 622 688 825 480 260 421 822 679 833 367 145 533 356 268 446 424 318 53 23 237 865 652 8 10 908 773 255 779 141 27 907 649 369 974 203 771 530 232 910 668 796 121 969 656 421
44
456 479 263 941 814 748 982 453 94 203 997 539 817 158 845 12 197 178 948 976 736 164 471 993 697 43 690 391 367 131 404 404 648 483 522 363 681 112 583 880 994 384 249 851
21
849 704 207 158 451 237 958 820 631 61 40 455 109 303 576 12 501 923 913 994 523
70
735 554 225 34 18 553 836 312 487 301 312 626 263 603 951 277 308 651 633 449 737 630 816 89 237 181 61 892 735 946 758 493 711 748 881 32 574 911 447 144 87 138 704 660 600 517 31 856 413 208 784 909 550 763 396 260 2 217 11 71 851 260 870 338 599 906 5 304 32 724
59
365 699 703 117 818 513 720 126 65 39 502 998 886 984 264 124 293 486 194 64 144 390 875 473 761 986 28 986 457 146 510 450 640 405 45 227 478 869 835 639 232 458 137 204 933 894 300 721 707 70 609 204 166 105 596 229 801 782 657
71
507 887 499 11 981 507 516 599 975 881 417 145 815 575 108 127 262 461 195 996 444 809 435 172 692 713 2 616 774 124 759 990 675 690 850 895 248 520 247 83 795 889 886 313 540 1000 111 791 260 577 359 838 356 498 261 439 734 973 789 262 736 426 469 350 88 125 928 853 787 258 650
29
299 348 558 943 230 802 224 123 825 550 434 462 535 446 44 240 779 129 180 312 310 858 236 353 761 574 38 894 217
89
80 837 362 664 464 448 423 419 976 99 937 513 738 500 889 938 178 263 833 688 204 429 663 350 13 767 98 86 4 566 712 679 881 576 523 778 955 218 868 725 963 56 547 519 954 490 134 824 77 624 864 102 423 382 321 345 247 756 884 230 944 423 283 128 850 434 859 701 287 36 813 806 787 901 439 251 900 788 847 516 385 16 435 797 585 183 229 851 507
39
153 493 415 748 357 420 485 542 939 140 145 931 28 904 96 622 879 5 784 108 864 341 469 912 725 596 580 550 711 903 626 496 780 477 743 362 833 76 85
28
570 278 229 773 633 190 500 629 273 720 392 976 466 176 509 298 83 271 107 252 507 542 616 319 392 289 349 834
38
942 43 843 115 396 858 668 970 693 334 810 758 283 681 131 92 435 660 223 777 325 470 289 430 719 434 413 402 368 289 352 682 80 792 323 937 25 534
72
635 152 334 554 919 746 378 437 529 774 945 462 124 837 864 288 552 203 430 69 834 622 869 570 883 114 681 526 795 472 183 951 997 945 818 392 105 370 292 928 946 323 471 540 463 715 270 245 654 851 558 551 648 534 799 418 897 645 846 808 25 940 911 822 755 385 267 259 146 185 772 951
6
554 38 709 959 870 870
58
134 517 682 841 875 935 144 226 268 783 566 738 273 77 718 863 890 235 867 760 775 495 328 747 687 474 763 545 114 466 162 702 213 957 795 123 781 666 262 204 614 68 344 258 386 537 368 856 183 768 896 159 860 667 719 156 720 291
91
78 558 392 85 238 331 639 895 421 753 838 499 340 229 522 923 820 480 619 167 454 848 939 47 39 983 850 888 228 908 935 801 15 719 218 599 425 831 298 874 397 690 627 56 873 844 746 852 60 506 637 546 535 917 286 615 817 268 469 123 535 548 549 107 642 280 37 416 381 358 27 123 415 639 66 760 1000 327 40 223 227 519 841 460 156 651 122 554 932 33 926
76
276 205 969 933 257 487 938 590 29 81 43 402 473 284 542 751 413 8 676 205 543 497 317 727 640 821 59 390 374 84 176 325 136 212 415 811 550 757 68 609 917 686 153 487 443 407 260 459 198 946 400 355 789 435 870 708 44 864 94 163 516 708 879 196 595 21 827 794 229 247 976 417 857 784 327 54
83
391 547 196 741 609 561 456 99 697 619 519 850 576 247 460 601 108 903 469 458 188 205 279 622 415 271 405 356 70 205 942 91 673 223 7 45 724 613 560 743 939 139 560 773 503 64 23 380 130 234 542 425 355 679 879 354 227 643 548 880 484 476 966 830 979 287 657 407 997 243 695 716 298 122 509 967 301 524 582 909 56 72 385
71
206 460 479 883 848 703 580 183 910 982 362 816 731 977 306 84 664 948 661 775 355 931 841 850 414 760 1000 889 446 150 93 724 611 173 774 567 522 243 356 790 280 473 926 913 898 504 622 506 404 688 971 645 495 21 628 411 452 435 734 226 993 363 59 43 618 48 669 299 102 578 904
7
432 638 439 484 630 984 602
80
400 740 719 942 899 46 243 98 538 124 316 736 130 709 242 855 623 236 662 60 977 861 435 873 570 445 528 444 179 216 412 538 589 706 568 806 152 213 942 231 628 270 278 868 26 75 174 244 192 474 402 266 323 593 766 990 760 853 121 902 409 90 44 675 335 295 778 894 811 839 148 35 696 304 680 638 617 63 708 841
17
430 883 445 978 397 888 11 61 79 661 358 285 964 617 924 852 780
65
119 405 103 745 508 361 948 727 823 918 662 77 10 54 546 108 329 449 867 229 483 745 880 416 578 509 109 360 444 147 859 849 288 231 582 683 336 461 6 463 81 266 141 284 776 869 514 833 76 828 838 170 424 287 396 728 648 56 873 555 377 205 970 814 375
46
489 252 893 575 600 272 458 263 120 907 740 988 347 172 454 27 367 665 980 156 339 795 74 447 693 281 147 168 343 793 846 728 253 590 919 930 477 400 4 414 16 291 103 159 648 242
48
47 246 764 512 153 978 685 495 670 995 934 24 568 529 289 954 862 210 673 92 755 24 160 103 756 203 494 350 264 912 574 803 116 69 783 173 590 676 379 704 373 303 128 406 679 352 732 343
12
934 205 242 152 492 928 423 662 720 920 624 85
53
677 102 309 214 121 565 48 459 401 326 631 942 153 92 344 390 275 687 451 29 153 288 230 249 968 304 869 465 625 331 786 200 588 935 877 663 2 410 325 162 412 887 640 917 601 349 160 459 869 140 164 710 659
51
471 535 519 236 489 872 389 666 726 248 754 167 90 583 605 718 343 930 375 217 125 657 279 860 809 340 856 192 229 961 379 869 60 599 121 111 710 488 697 139 240 84 668 289 899 50 485 592 294 240 817
99
46 286 868 24 5 650 683 302 181 244 600 64 580 902 404 79 912 964 666 578 738 277 591 456 218 173 356 15 662 769 780 850 603 851 664 130 191 345 811 274 160 359 410 592 670 164 413 643 452 24 46 452 365 511 56 475 785 751 261 121 528 819 268 134 457 405 174 252 295 786 515 855 134 411 818 314 70 501 287 528 86 569 820 559 763 453 79 448 402 160 841 996 782 160 564 947 831 821 442
58
660 559 311 530 23 867 281 753 105 420 636 490 424 854 419 379 957 356 793 599 505 323 602 449 10 571 393 734 121 317 938 239 658 391 25 806 695 389 526 229 286 997 963 150 580 195 550 510 652 312 967 868 167 733 18 775 931 948
79
888 55 525 110 700 20 790 63 363 427 937 347 295 782 841 916 407 749 717 857 130 205 211 109 269 682 430 53 997 999 430 386 844 690 378 244 3 629 144 248 124 471 443 604 412 772 298 800 703 910 723 374 465 696 618 226 614 171 676 722 734 583 766 309 524 988 890 22 460 257 90 283 617 977 783 376 550 191 932
20
888 852 396 451 399 819 583 646 918 743 703 189 730 747 747 569 523 935 734 933
69
777 788 506 823 792 293 37 218 995 822 498 62 692 702 874 418 64 355 42 603 531 916 222 735 829 936 817 372 720 191 963 855 150 785 882 249 472 475 79 991 96 679 403 392 982 197 222 836 34 651 992 951 222 87 210 181 788 218 48 436 949 604 257 826 541 281 501 408 588
4
761 332 262 79
38
179 466 978 187 619 184 535 555 572 763 87 196 595 599 782 869 293 652 198 522 751 480 204 123 903 768 476 467 216 876 691 72 597 76 229 205 943 245
81
565 518 645 781 967 238 696 515 836 381 114 149 50 701 152 957 952 674 676 719 463 332 977 167 382 862 330 216 853 976 493 93 69 959 470 581 752 599 321 503 604 23 465 387 749 591 330 174 591 131 355 217 64 66 11 225 616 783 332 640 307 120 30 30 531 234 904 106 851 147 442 576 403 125 256 485 648 203 420 230 220
96
1000 537 370 630 773 971 705 369 246 624 239 451 517 628 715 892 21 402 811 725 244 807 384 776 902 227 880 615 592 592 680 352 417 964 444 643 650 98 266 944 444 924 683 602 934 488 700 799 999 102 853 598 162 301 588 882 466 938 19 390 122 491 7 985 38 647 699 730 580 435 359 550 434 1000 25 59 704 180 239 372 704 176 956 170 450 69 993 565 413 350 956 30 894 537 381 535
56
363 953 214 361 369 64 693 647 175 297 488 625 814 385 323 952 583 997 173 975 488 73 533 120 139 599 344 79 196 290 184 775 808 449 196 826 289 696 234 165 541 160 500 806 453 265 711 196 22 189 63 380 536 836 602 71
95
325 260 531 895 562 228 523 642 157 627 794 17 566 156 40 85 654 295 661 633 942 900 746 358 310 63 786 946 623 526 716 14 767 861 318 216 561 268 390 259 46 326 116 918 134 645 982 187 422 401 5 784 948 102 874 851 232 151 397 708 883 628 307 927 100 488 257 45 427 675 331 626 97 79 125 49 628 484 180 678 771 533 790 921 585 84 283 58 819 803 526 190 251 618 288
77
54 946 57 369 217 546 88 896 543 91 711 74 659 442 283 63 146 327 997 134 574 790 790 297 865 484 319 672 57 18 59 917 621 655 429 248 37 681 101 988 600 57 893 710 643 2 5 609 476 291 515 114 2 575 880 262 277 263 267 587 245 345 917 959 746 364 341 440 769 606 11 941 693 701 790 717 661
16
529 696 393 94 23 590 424 713 250 194 320 827 61 620 518 996
57
783 87 224 593 532 752 609 398 557 258 773 339 233 573 449 273 123 314 967 216 924 206 191 549 339 592 292 695 662 952 234 860 503 363 229 77 848 478 867 248 535 212 236 936 436 222 576 64 147 454 690 460 105 934 477 406 239
65
587 934 388 251 170 933 278 424 219 240 149 251 738 443 300 990 301 619 21 601 523 944 915 242 869 434 765 899 661 778 841 327 936 997 514 912 182 162 67 934 610 785 462 792 178 683 976 167 641 22 712 607 329 749 699 653 112 387 833 153 114 858 760 125 690
54
698 655 394 141 637 2 312 291 822 563 328 670 885 45 206 619 699 707 899 846 225 744 792 518 979 336 456 345 13 501 102 347 10 428 616 495 751 483 908 226 565 527 844 196 21 603 492 984 145 741 320 646 425 417
64
381 884 132 943 451 954 141 38 412 107 150 983 319 31 613 520 954 490 760 893 170 5 230 758 935 264 559 887 550 779 537 574 648 842 253 954 7 84 296 203 220 727 986 521 184 944 793 259 530 458 841 716 602 413 830 365 682 230 752 688 354 383 352 123
88
374 250 812 196 675 451 326 167 10 368 121 132 230 381 91 705 97 735 713 447 825 499 20 544 617 524 936 630 925 445 274 887 827 806 822 20 626 61 495 321 446 71 791 483 259 747 964 210 237 763 79 955 300 190 901 8 156 743 664 587 53 961 66 158 423 321 695 258 38 778 640 134 793 402 690 114 750 349 146 843 911 555 466 94 242 95 126 916
41
578 88 604 661 502 525 347 326 778 396 939 157 654 183 820 226 721 730 385 844 206 415 612 459 522 446 227 788 467 538 577 795 839 866 715 151 464 76 504 300 205
13
570 338 390 483 852 33 355 439 419 328 686 680 89
68
655 757 719 756 249 155 556 995 632 542 691 114 900 169 718 233 514 823 654 372 499 187 399 175 70 862 136 757 524 496 37 981 426 538 171 909 246 187 436 152 421 507 369 869 300 803 233 817 214 242 358 529 850 505 414 675 653 707 428 335 173 225 548 555 736 10 303 878
37
142 833 259 301 66 368 964 147 700 59 150 938 959 191 661 726 143 479 604 445 267 761 224 977 979 661 851 390 798 943 841 124 144 67 315 693 30
67
309 834 974 234 398 147 69 882 684 667 906 897 990 315 928 267 322 447 900 173 76 115 745 158 627 677 578 832 90 291 369 135 307 304 211 590 507 391 376 415 599 767 652 225 765 935 909 34 82 157 313 680 22 684 642 971 981 274 7 829 293 773 21 502 358 161 137